0.0 0.0 0.0
0.0 0.7 0.0
0.020443676273 0.7 0.0
-0.0930941286509 0.679630279741 0.0
0.19920989038 0.127529890635 0.0609773418262
-0.132397170279 0.131466435974 -0.0654467763046
-0.120861890078 0.582874108513 0.0
0.191433995962 0.230134963989 0.0121259987354
0.29305667059 2.22044604925e-16 1.38777878078e-17
0.0138751028112 0.733801889112 0.0
0.0862545166803 0.403952644903 -0.0164979759802
-0.128905886941 0.0636845098318 -0.028101202932
0.316929996014 0.228819847107 0.0150360018015
0.406345256735 -2.22044604925e-16 8.32667268469e-17
0.0811827180917 0.685421121999 0.0217662832355
0.277719612179 8.881784197e-16 -3.46944695195e-17
0.230532481202 0.0 -1.17961196366e-16
0.380851984024 0.151782035828 0.0271719992161
0.400764434237 0.0 1.11022302463e-16
0.058451557026 0.477593363684 0.0193478073205
0.25655614239 4.4408920985e-16 -2.77555756156e-17
0.261792355422 0.0 2.91433543964e-16
0.400655031204 0.0274658203125 0.019734993577
0.401824571344 -4.4408920985e-16 2.22044604925e-16
0.048709630855 0.388574190858 0.00241847591506
0.25654039289 -3.10862446895e-15 -9.02056207508e-17
0.261872117064 0.0 1.66533453694e-16
0.0227311610657 0.186968959948 0.101575988433
0.258456978572 4.4408920985e-16 -5.55111512313e-17
0.210709534042 0.0 -9.71445146547e-17
0.068193483197 0.0268927179471 0.239429115591
0.282635687701 -0.21596634097 -0.0753180132872
-0.00741130966774 -0.339898225736 -0.075204019404
-0.267673314699 -0.203822252225 -0.0812500165468
-0.356966317781 0.0669430523404 -0.075204019404
-0.179622308501 0.31395137601 -0.075204019404
0.124168692938 0.327192190219 -0.075204019404
0.322332679144 0.0965517788418 -0.075204019404
0.244008163876 0.0 0.0
0.267838894695 1.38777878078e-16 0.0
0.285442803108 4.4408920985e-16 8.881784197e-16
0.267839740514 0.0 3.33066907388e-16
0.267839527123 0.0 -1.11022302463e-16
0.267838559681 -4.4408920985e-16 5.55111512313e-17
0.267840016157 0.0 0.0
0.309124927284 6.2172489379e-15 -1.27675647832e-15
0.254011485248 6.2172489379e-15 -3.33066907388e-16
0.254011081773 -2.22044604925e-15 -2.77555756156e-16
0.254010671856 2.30926389122e-14 -4.82947015712e-15
0.254011077145 2.35367281221e-14 -4.77395900589e-15
0.254013106729 -9.10382880193e-15 2.16493489802e-15
0.309123651991 0.0 -2.22044604925e-16
0.170209687382 -2.6645352591e-15 -2.22044604925e-16
0.24277979927 -4.16333634234e-16 -5.55111512313e-17
0.242779624359 -8.881784197e-16 -5.55111512313e-17
0.242779982826 -1.7763568394e-15 1.11022302463e-16
0.225320640489 2.6645352591e-15 5.55111512313e-16
0.205533213214 4.21884749358e-15 -2.38697950294e-15
0.187679805077 -8.881784197e-16 -1.11022302463e-16
