11 15 19 25 
15 19 25 31 37 
19 25 31 37 
15 19 25 31 
19 25 31 37 42 
19 25 31 
15 19 25 31 
19 25 31 37 42 
15 19 25 31 27 
15 19 25 31 
15 19 25 31 
15 19 25 31 
3 7 11 15 27 
7 11 15 27 33 
7 11 15 27 
3 7 11 15 27 
33 39 44 
27 33 39 44 
15 27 33 39 
15 27 33 39 44 
11 15 27 33 39 
11 15 27 33 39 44 
15 27 33 39 44 
33 39 44 
33 39 44 
27 33 39 44 
33 39 44 
33 39 44 48 
33 39 44 
33 39 44 48 
33 39 44 48 
33 39 44 48 
33 39 44 48 
27 33 39 44 
27 33 39 44 
15 27 33 39 
27 33 39 
27 33 39 
27 33 39 
33 39 44 
33 39 44 48 
33 39 44 
33 39 44 48 
33 39 44 48 
33 39 44 48 
33 39 44 48 
33 39 44 48 
33 39 44 48 
33 39 44 48 
39 44 48 51 
39 44 48 51 
39 44 48 51 
39 44 48 51 
44 48 51 54 
44 48 51 54 
44 48 51 54 
48 51 54 8 
48 51 54 8 
48 51 54 8 
51 54 8 
51 54 8 
51 54 8 
51 54 8 
51 54 8 
51 54 8 
44 48 51 54 8 
44 48 51 54 
44 48 51 54 
39 44 48 51 
39 44 48 
39 44 48 
33 39 44 48 
33 39 44 48 
33 39 44 48 
33 39 44 48 
33 39 44 48 
39 44 
39 44 51 
33 39 44 
33 39 44 48 
39 44 48 
39 44 48 51 
44 48 51 54 
44 48 54 
44 48 51 
44 48 51 54 
44 48 51 54 
44 48 51 54 8 
48 51 54 8 
48 51 54 8 
48 51 54 8 
51 54 8 
51 54 8 
51 54 8 
51 54 8 
48 51 54 8 
15 19 27 33 
15 19 33 
15 19 25 
15 19 27 
15 19 27 33 
15 27 33 
15 19 26 32 27 33 
15 19 26 27 33 
3 7 11 15 
7 11 15 26 
7 11 15 27 
3 7 11 15 
15 19 25 
15 19 25 
15 19 25 27 
15 19 25 27 
15 19 27 
15 19 27 33 
15 19 27 33 
15 19 27 
15 19 27 33 
15 27 33 39 
15 27 33 
15 27 33 
11 15 27 33 39 
11 15 27 33 39 
1 3 7 11 
1 3 7 11 15 27 33 
3 7 11 15 
1 3 7 11 
15 19 27 33 
15 27 33 39 
15 27 33 39 
15 27 33 39 
1 3 7 11 
3 7 11 15 33 
3 7 11 33 
1 3 7 11 
3 7 11 27 33 
1 3 7 11 
3 7 11 15 33 
1 3 7 9 
7 11 15 27 33 39 
7 11 15 27 33 
11 15 33 39 
11 15 33 39 
11 15 27 33 39 
11 15 27 33 39 
7 11 15 27 33 
11 15 27 33 39 
15 27 33 39 
15 27 33 
15 26 32 27 33 
15 27 33 
15 27 33 
15 27 33 
15 27 33 39 
15 27 33 39 
27 33 39 
15 27 33 39 
27 33 39 
27 33 39 
27 33 39 
27 33 39 
15 27 33 39 
15 27 33 39 
15 27 33 39 
11 15 27 33 39 
15 27 33 39 
27 33 39 
27 33 39 
27 33 39 
27 33 39 
27 33 39 
27 33 39 
27 33 39 
27 33 39 
27 33 39 
27 33 39 
27 33 39 
33 39 44 
33 39 44 
33 39 44 
33 39 44 
33 39 44 
33 39 44 
33 39 44 
33 39 44 
33 39 44 
33 39 44 
33 39 44 
33 39 44 48 
33 39 44 
33 39 44 
33 39 44 
33 39 44 48 
33 39 44 48 
33 39 44 48 
33 39 44 48 
39 44 48 
39 44 48 
39 44 48 
39 44 48 51 
44 48 51 54 
51 54 8 
51 54 8 
48 51 54 8 
48 51 54 8 
44 48 51 54 
44 48 51 54 
44 48 51 54 
48 51 54 8 
51 54 8 
51 54 8 
44 48 51 54 
44 48 51 54 
44 48 51 54 
44 48 51 54 
39 44 48 
1 3 7 11 
1 3 7 11 15 27 33 
1 3 7 9 
1 3 7 11 9 
1 3 7 
1 3 7 
1 3 7 11 
1 3 7 11 
1 3 7 
1 3 7 11 
1 3 7 11 9 6 
1 3 7 11 9 6 
1 3 9 6 
1 3 9 6 
1 3 7 11 
1 3 7 15 
1 3 7 15 
1 3 7 
1 3 7 9 
1 3 9 
1 3 9 
1 3 7 9 6 
1 3 7 11 6 
1 3 7 
1 3 7 
1 3 7 
1 3 7 
1 10 14 
1 10 14 
1 6 10 
1 6 10 
1 3 7 9 
1 9 13 
1 9 13 14 18 
1 9 13 18 
1 9 13 17 
1 10 14 
1 10 14 
1 6 10 14 
1 6 10 14 
1 3 7 9 
1 3 7 11 9 
1 9 13 
1 9 13 
1 9 13 17 
1 3 7 9 
9 13 17 18 
1 9 13 18 
9 13 17 
1 9 13 17 
9 13 17 
9 13 17 
9 13 17 
9 13 17 
1 9 13 17 
1 9 13 17 
1 9 13 17 
1 9 13 17 
1 9 18 
1 9 13 24 
9 13 17 
1 3 7 11 
1 3 7 11 
1 3 7 
1 3 7 9 13 
1 9 13 24 
1 9 13 
1 3 7 12 13 
1 3 7 9 17 
1 9 13 17 
1 9 13 17 
1 7 9 17 
1 9 13 17 
1 9 13 17 
1 9 13 17 
9 13 17 
9 13 17 
9 13 17 
1 9 13 17 
9 13 17 
9 13 17 24 
1 9 13 17 
9 13 17 
9 13 17 
9 13 17 
9 13 17 
9 13 17 24 
9 13 17 24 
9 13 17 
9 13 17 
9 13 17 30 
9 13 17 30 
9 13 17 
9 13 17 23 
9 13 17 23 30 
9 13 17 23 
9 13 17 23 
9 13 17 
13 17 23 
9 13 17 
9 13 17 
13 17 23 
13 17 23 
13 17 23 
13 17 23 
13 17 23 
13 17 23 
13 17 23 
13 17 23 
13 17 23 29 
17 23 29 
17 23 29 
13 17 23 
13 17 23 
13 17 23 
17 23 
17 23 29 
17 23 
17 23 
13 17 23 29 
13 17 23 
17 23 29 
17 23 29 35 
17 23 29 35 
17 23 29 
17 23 29 
17 23 29 
17 23 29 
17 23 29 35 
23 29 
17 23 29 
17 23 29 35 
17 23 29 
17 23 29 35 
23 29 35 
17 23 29 35 
23 29 35 
23 29 35 
23 29 35 
23 29 35 
23 29 35 
23 29 35 
23 29 35 
23 29 35 
23 29 35 
23 29 35 
17 23 29 35 
23 29 35 
23 29 35 
23 29 35 
23 29 35 
23 29 35 
23 29 35 
1 9 13 24 
1 9 13 17 
1 9 13 17 
1 9 13 17 
1 9 13 17 
9 13 17 
9 13 17 
9 13 24 30 
9 13 17 
9 13 17 30 
9 13 17 30 
13 17 30 
13 17 23 
13 17 30 
9 13 17 30 
13 24 30 
13 17 24 30 
13 17 30 
13 17 30 
13 17 23 
13 17 23 
13 17 23 
13 17 23 30 
13 17 23 
13 17 23 30 
44 13 17 23 
44 17 23 
17 23 29 35 
44 17 23 29 
23 29 
44 23 29 35 
23 29 35 
23 29 35 
23 29 35 
29 35 
23 29 35 
23 29 35 
23 29 35 
23 29 35 
44 23 29 35 
23 29 35 
19 25 31 37 42 
19 25 31 37 42 
19 25 31 37 42 
19 25 31 37 
19 25 31 37 42 
19 25 31 37 42 
19 25 31 37 
19 25 31 37 42 
15 19 25 31 
19 25 31 33 
15 19 25 31 
15 19 25 
15 19 25 
15 19 25 
15 19 25 33 
15 19 25 27 
7 15 19 25 26 32 27 
11 15 19 27 33 
15 19 25 27 
15 19 25 26 27 33 
11 15 27 33 39 
11 15 27 33 39 
11 15 27 33 
15 27 33 
11 15 27 33 
11 15 27 33 
7 11 15 26 27 33 
7 11 15 26 32 27 
3 11 15 27 
11 15 27 33 39 
11 15 27 33 39 
3 11 15 27 
15 27 33 39 
15 19 27 33 
15 19 27 
15 19 27 33 
15 19 25 26 27 33 
15 19 27 33 
3 11 15 27 
3 7 11 15 
3 7 11 15 
1 3 7 11 
1 3 7 11 
3 7 11 15 
3 7 11 
1 3 7 11 
1 3 7 11 
3 7 11 
11 15 27 33 39 
15 26 32 27 33 
15 27 33 
15 26 32 27 33 
19 25 31 27 33 
15 19 27 
15 19 25 
15 19 25 
15 19 25 
11 15 27 33 39 
11 15 27 33 
15 19 27 
15 19 27 33 
15 27 33 
15 27 33 39 
11 15 32 33 
11 15 33 39 
3 7 11 15 33 
3 7 11 15 32 
1 3 7 
1 7 11 12 
1 3 7 11 12 13 
1 9 13 17 
1 9 18 
1 9 18 24 
1 9 13 24 
9 13 17 18 24 
1 3 7 9 
1 3 7 11 
1 9 13 14 
1 8 9 13 
1 7 8 12 9 
1 8 9 13 
1 8 9 13 14 
1 14 
1 8 14 
1 3 9 
1 9 6 
1 9 13 6 
1 9 13 17 
1 9 13 6 
1 9 18 24 
1 3 7 11 
1 10 14 
1 10 14 
1 10 14 
1 10 14 
15 19 25 27 
1 9 6 10 14 
1 9 14 18 
1 9 14 
1 13 6 10 
1 9 6 14 
1 9 6 
1 9 13 6 
1 6 10 
1 6 10 
1 6 10 
1 6 
1 9 
25 31 37 42 
25 31 37 42 
25 31 37 42 
31 37 42 
31 37 42 
31 37 42 
31 37 42 
31 37 42 
15 19 25 
15 19 25 32 33 
15 19 25 31 
19 25 31 37 42 
19 25 31 37 42 
31 37 42 
1 3 9 6 
1 
1 3 9 6 
1 
1 9 6 
1 9 13 14 
1 9 13 6 
1 9 6 10 14 
1 10 14 
1 10 14 
1 9 6 
15 19 25 27 
42 
42 
42 
42 52 
42 
42 
42 
42 
42 52 
42 
42 
42 
42 
42 52 
42 52 
42 49 52 
42 
42 
42 
42 
42 
42 
42 
42 
42 
42 
42 
42 
42 
42 
42 
42 
42 
42 
42 
42 
42 
42 
42 
42 
42 
42 
42 
42 52 
42 52 
42 52 
42 52 
42 52 
42 52 
42 52 
42 
42 
42 
42 52 
42 52 
42 
42 52 
42 52 
42 52 
42 52 
42 52 
42 
42 52 26 
42 
42 
42 
42 
42 52 
42 52 
42 
42 
42 
42 
42 
42 
42 52 
42 
42 52 
42 
42 
42 
42 52 
37 42 52 
37 42 52 
42 
42 52 
42 
42 
42 
42 
42 
42 
37 42 
37 42 
42 
42 
42 
37 42 52 
37 42 52 
42 52 
42 52 
42 
42 52 
42 52 
42 52 
42 
42 26 
42 52 
42 52 
42 52 
42 52 
42 52 
42 52 
42 52 
42 52 
42 52 
42 52 26 
42 52 
42 52 26 
42 52 
42 52 
42 52 
42 52 
42 
42 52 
42 
42 
42 52 
42 52 
42 52 
42 52 
42 
42 
42 52 
42 52 
42 52 
42 52 
42 52 
42 52 
42 52 
42 52 
42 52 
42 52 
42 52 
42 52 
42 
42 
42 
42 52 
42 52 
42 52 
42 52 
42 52 
42 52 
42 52 
42 
42 
42 
42 
42 
42 
42 
42 
42 
42 
42 
42 
42 
42 
37 42 
37 42 
37 42 
37 42 
37 42 
42 
42 
42 
42 
42 
42 
42 
42 
42 
42 
37 42 52 
37 42 52 
42 
42 
42 
42 
42 
42 
42 
42 
42 
42 
42 
42 52 
42 52 
42 52 
42 52 
42 52 
42 52 26 
42 52 
42 52 
42 52 
42 26 
42 52 
42 52 26 
42 52 
42 52 
42 52 
42 52 
42 52 
42 52 
42 52 
42 52 
42 52 
42 52 
42 52 
42 52 
42 52 
42 52 
42 52 
42 52 
42 52 
42 52 
42 52 
42 52 
42 
42 52 
42 
42 52 
42 
42 
42 
37 42 
42 
42 
42 
42 
42 
42 52 
42 
42 52 
42 52 
42 
42 
42 
42 
42 
42 
42 
42 
42 
42 
42 
42 
42 
42 
42 
42 
42 
42 
42 
42 
42 
42 
42 
42 
42 
42 
42 
42 
42 
42 
37 42 
37 42 
37 42 52 
31 37 42 52 
31 37 42 
31 37 42 
31 37 42 
31 37 42 
31 37 42 
31 37 42 
37 42 52 
37 42 52 
37 42 
37 42 
37 42 
31 37 42 
31 37 42 
31 37 42 
31 37 42 
1 10 14 
1 6 10 14 
1 6 10 14 
1 10 14 
1 10 14 
1 10 14 24 
1 10 14 18 
10 14 18 
1 10 14 24 
10 14 18 
10 14 18 24 
10 14 18 24 
10 14 18 24 
10 14 18 24 
10 14 18 24 
14 18 24 30 
14 18 24 30 
14 18 24 30 
14 18 24 30 
14 18 30 
14 18 24 30 
14 18 24 30 
14 18 24 30 
14 18 24 30 
14 18 24 30 
18 24 30 
18 24 30 
18 24 30 
18 24 30 
18 24 30 
18 24 30 
18 24 30 
18 24 30 
24 30 
18 24 30 
18 24 30 
18 24 30 
24 30 
24 30 
24 30 
24 30 
24 30 
24 30 
24 30 
24 30 
24 30 
24 30 
24 30 
24 30 
24 30 
30 
30 
30 
30 
30 
19 25 31 37 
15 19 25 31 
19 25 31 37 42 
19 25 31 
15 19 25 31 
19 25 31 37 42 
15 19 25 31 26 
15 19 25 31 
15 19 25 31 
3 7 11 15 26 
7 11 15 26 32 
7 11 15 26 
3 7 11 15 26 
32 38 43 
26 32 38 43 
15 26 32 38 
15 26 32 38 43 
11 15 26 32 38 
11 15 26 32 38 43 
15 26 32 38 43 
32 38 43 
32 38 43 
26 32 38 43 
32 38 43 
32 38 43 47 
32 38 43 
32 38 43 47 
32 38 43 47 
32 38 43 47 
32 38 43 47 
26 32 38 43 
26 32 38 43 
15 26 32 38 
26 32 38 
26 32 38 
26 32 38 
32 38 43 
32 38 43 47 
32 38 43 
32 38 43 47 
32 38 43 47 
32 38 43 47 
32 38 43 47 
32 38 43 47 
32 38 43 47 
32 38 43 47 
38 43 47 50 
38 43 47 50 
38 43 47 50 
38 43 47 50 
43 47 50 53 
43 47 50 53 
43 47 50 53 
47 50 53 9 
47 50 53 9 
47 50 53 9 
50 53 9 
50 53 9 
50 53 9 
50 53 9 
50 53 9 
50 53 9 
43 47 50 53 9 
43 47 50 53 
43 47 50 53 
38 43 47 50 
38 43 47 
38 43 47 
32 38 43 47 
32 38 43 47 
32 38 43 47 
32 38 43 47 
32 38 43 47 
38 43 
38 43 50 
32 38 43 
32 38 43 47 
38 43 47 
38 43 47 50 
43 47 50 53 
43 47 53 
43 47 50 
43 47 50 53 
43 47 50 53 
43 47 50 53 9 
47 50 53 9 
47 50 53 9 
47 50 53 9 
50 53 9 
50 53 9 
50 53 9 
50 53 9 
47 50 53 9 
15 19 26 32 
15 19 26 
15 19 26 32 27 33 
15 26 32 
3 7 11 15 
7 11 15 27 
15 19 25 
15 19 25 
15 19 25 26 
15 19 25 26 
15 19 26 
15 19 26 32 
15 19 26 32 
15 19 26 
15 19 26 32 
15 26 32 38 
15 26 32 
15 26 32 
11 15 26 32 38 
11 15 26 32 38 
1 3 7 11 
1 3 7 11 15 26 32 
3 7 11 15 
1 3 7 11 
15 19 26 32 
15 26 32 38 
15 26 32 38 
15 26 32 38 
1 3 7 11 
3 7 11 15 32 
3 7 11 32 
1 3 7 11 
3 7 11 26 32 
1 3 7 11 
3 7 11 15 32 
1 3 7 8 
7 11 15 26 32 38 
7 11 15 26 32 
11 15 32 38 
11 15 32 38 
11 15 26 32 38 
11 15 26 32 38 
7 11 15 26 32 
11 15 26 32 38 
15 26 32 38 
15 26 32 
15 26 32 
15 26 32 
15 26 32 
15 26 32 38 
15 26 32 38 
26 32 38 
15 26 32 38 
26 32 38 
26 32 38 
26 32 38 
26 32 38 
15 26 32 38 
15 26 32 38 
15 26 32 38 
11 15 26 32 38 
15 26 32 38 
26 32 38 
26 32 38 
26 32 38 
26 32 38 
26 32 38 
26 32 38 
26 32 38 
26 32 38 
26 32 38 
26 32 38 
26 32 38 
32 38 43 
32 38 43 
32 38 43 
32 38 43 
32 38 43 
32 38 43 
32 38 43 
32 38 43 
32 38 43 
32 38 43 
32 38 43 
32 38 43 47 
32 38 43 
32 38 43 
32 38 43 
32 38 43 47 
32 38 43 47 
32 38 43 47 
32 38 43 47 
38 43 47 
38 43 47 
38 43 47 
38 43 47 50 
43 47 50 53 
50 53 9 
50 53 9 
47 50 53 9 
47 50 53 9 
43 47 50 53 
43 47 50 53 
43 47 50 53 
47 50 53 9 
50 53 9 
50 53 9 
43 47 50 53 
43 47 50 53 
43 47 50 53 
43 47 50 53 
38 43 47 
1 3 7 11 
1 3 7 11 15 26 32 
1 3 7 8 
1 3 7 11 8 
1 3 7 
1 3 7 
1 3 7 11 
1 3 7 11 
1 3 7 
1 3 7 11 
1 3 7 11 8 6 
1 3 7 11 8 6 
1 3 8 6 
1 3 8 6 
1 3 7 11 
1 3 7 
1 3 7 8 
1 3 8 
1 3 8 
1 3 7 8 6 
1 3 7 11 6 
1 3 7 
1 3 7 
1 10 14 
1 6 10 
1 3 7 8 
1 8 12 
1 8 12 14 18 
1 8 12 18 
1 8 12 16 
1 10 14 
1 10 14 
1 6 10 14 
1 6 10 14 
1 3 7 8 
1 3 7 11 8 
1 8 12 
1 8 12 
1 8 12 16 
1 3 7 8 
8 12 16 18 
1 8 12 18 
8 12 16 
1 8 12 16 
8 12 16 
8 12 16 
8 12 16 
8 12 16 
1 8 12 16 
1 8 12 16 
1 8 12 16 
1 8 12 16 
1 8 18 
1 8 12 24 
8 12 16 
1 3 7 11 
1 3 7 11 
1 3 7 
1 3 7 8 12 
1 8 12 24 
1 8 12 9 
1 3 7 12 
1 3 7 8 16 
1 8 12 16 
1 8 12 16 
1 7 8 16 
1 8 12 16 
1 8 12 16 
1 8 12 16 
8 12 16 
8 12 16 
8 12 16 
1 8 12 16 
8 12 16 
8 12 16 24 
1 8 12 16 
8 12 16 
8 12 16 
8 12 16 
8 12 16 
8 12 16 24 
8 12 16 24 
8 12 16 
8 12 16 
8 12 16 30 
8 12 16 30 
8 12 16 
8 12 16 22 
8 12 16 22 30 
8 12 16 22 
8 12 16 22 
8 12 16 
12 16 22 
8 12 16 
8 12 16 
12 16 22 
12 16 22 
12 16 22 
12 16 22 
12 16 22 
12 16 22 
12 16 22 
12 16 22 
12 16 22 28 
16 22 28 
16 22 28 
12 16 22 
12 16 22 
12 16 22 
16 22 
16 22 28 
16 22 
16 22 
12 16 22 28 
12 16 22 
16 22 28 
16 22 28 34 
16 22 28 34 
16 22 28 
16 22 28 
16 22 28 
16 22 28 
16 22 28 34 
22 28 
16 22 28 
16 22 28 34 
16 22 28 
16 22 28 34 
22 28 34 
16 22 28 34 
22 28 34 
22 28 34 
22 28 34 
22 28 34 
22 28 34 
22 28 34 
22 28 34 
22 28 34 
22 28 34 
22 28 34 
16 22 28 34 
22 28 34 
22 28 34 
22 28 34 
22 28 34 
22 28 34 
22 28 34 
1 8 12 24 
1 8 12 16 
1 8 12 16 
1 8 12 16 
1 8 12 16 
8 12 16 
8 12 16 
8 12 24 30 
8 12 16 
8 12 16 30 
8 12 16 30 
12 16 30 
12 16 22 
12 16 30 
8 12 16 30 
12 24 30 
12 16 24 30 
12 16 30 
12 16 30 
12 16 22 
12 16 22 
12 16 22 
12 16 22 30 
12 16 22 
12 16 22 30 
43 12 16 22 
43 16 22 
16 22 28 34 
43 16 22 28 
22 28 
43 22 28 34 
22 28 34 
22 28 34 
22 28 34 
28 34 
22 28 34 
22 28 34 
22 28 34 
22 28 34 
43 22 28 34 
22 28 34 
19 25 31 37 42 
19 25 31 37 42 
19 25 31 37 42 
19 25 31 37 
19 25 31 37 42 
19 25 31 37 42 
19 25 31 37 
19 25 31 37 42 
15 19 25 31 
19 25 31 32 
15 19 25 31 
15 19 25 
15 19 25 
15 19 25 
15 19 25 32 
15 19 25 26 
11 15 19 26 32 
15 19 25 26 27 
11 15 26 32 38 
11 15 26 32 38 
11 15 26 32 
15 26 32 
11 15 26 32 
11 15 26 32 
7 11 15 26 32 27 
3 11 15 26 
11 15 26 32 38 
11 15 26 32 38 
3 11 15 26 
15 26 32 38 
15 19 26 32 
15 19 26 
15 19 26 32 
15 19 26 32 
3 11 15 26 
3 7 11 15 
3 7 11 15 
1 3 7 11 
1 3 7 11 
3 7 11 15 
3 7 11 
1 3 7 11 
11 15 26 32 38 
15 26 32 33 
19 25 31 26 32 
15 19 26 
15 19 25 
15 19 25 
11 15 26 32 38 
15 19 26 
15 19 26 32 
15 26 32 
15 26 32 38 
11 15 32 38 
3 7 11 15 32 
1 3 7 
1 8 12 16 
1 8 18 
1 8 18 24 
1 8 12 24 
8 12 16 18 24 
1 3 7 8 
1 3 7 11 
1 8 12 14 
1 8 12 14 
1 14 
1 3 8 
1 8 6 
1 8 12 6 
1 8 12 16 
1 8 12 6 
1 8 18 24 
1 3 7 11 
1 10 14 
15 19 25 26 
1 8 6 10 14 
1 8 14 18 
1 8 14 
1 12 6 10 
1 8 6 14 
1 8 6 
1 8 12 6 
1 6 10 
1 6 10 
1 8 
25 31 37 42 
25 31 37 42 
31 37 42 
31 37 42 
31 37 42 
31 37 42 
31 37 42 
1 3 8 6 
1 
1 3 8 6 
1 8 6 
1 8 12 14 
1 8 12 6 
1 8 6 10 14 
1 10 14 
1 8 6 
15 19 25 26 
42 
42 
42 
42 52 
42 
42 
42 
42 
42 52 
42 
42 
42 
42 
42 52 
42 52 
42 49 52 
42 
42 
42 
42 
42 
42 
42 
42 
42 
42 
42 
42 
42 
42 
42 
42 
42 
42 
42 
42 
42 
42 
42 
42 52 
42 52 
42 52 
42 
42 
42 
42 52 
42 52 
42 
42 52 
42 52 
42 52 
42 52 
42 52 
42 
42 52 27 
42 
42 
42 
42 
42 52 
42 52 
42 
42 
42 
42 
42 
42 
42 52 
42 
42 52 
42 
42 
42 
42 52 
37 42 52 
37 42 52 
42 
42 52 
42 
42 
42 
42 
42 
42 
37 42 
37 42 
42 
42 
42 
37 42 52 
37 42 52 
42 52 
42 52 
42 
42 52 
42 52 
42 52 
42 
42 27 
42 52 
42 52 
42 52 
42 52 
42 52 27 
42 52 
42 52 27 
42 52 
42 52 
42 52 
42 52 
42 
42 52 
42 
42 
42 52 
42 52 
42 52 
42 52 
42 
42 
42 52 
42 52 
42 52 
42 52 
42 52 
42 52 
42 52 
42 
42 
42 
42 52 
42 52 
42 52 
42 
42 
42 
42 
42 
42 
42 
42 
42 
42 
37 42 
37 42 
37 42 
42 
42 
42 
42 
42 
42 
37 42 52 
42 
42 
42 
42 
42 
42 
42 
42 
42 
42 
42 
42 52 
42 52 
42 52 
42 52 
42 52 27 
42 52 
42 52 
42 52 
42 27 
42 52 27 
42 52 
42 52 
42 52 
42 52 
42 52 
42 52 
42 52 
42 52 
42 52 
42 52 
42 52 
42 52 
42 52 
42 52 
42 52 
42 
42 
42 52 
42 
42 
42 
37 42 
42 
42 
42 
42 
42 
42 52 
42 
42 52 
42 52 
42 
42 
42 
42 
42 
42 
42 
42 
42 
42 
42 
42 
42 
42 
42 
42 
42 
42 
42 
42 
42 
42 
42 
42 
42 
42 
42 
42 
42 
42 
37 42 
37 42 
37 42 52 
31 37 42 52 
31 37 42 
31 37 42 
31 37 42 
31 37 42 
31 37 42 
37 42 52 
37 42 52 
37 42 
37 42 
37 42 
31 37 42 
31 37 42 
31 37 42 
1 6 10 14 
1 6 10 14 
1 10 14 
1 10 14 24 
1 10 14 18 
10 14 18 
10 14 18 24 
10 14 18 24 
10 14 18 24 
14 18 24 30 
14 18 24 30 
14 18 24 30 
14 18 24 30 
14 18 24 30 
14 18 24 30 
18 24 30 
18 24 30 
18 24 30 
18 24 30 
18 24 30 
18 24 30 
18 24 30 
24 30 
24 30 
24 30 
24 30 
24 30 
24 30 
24 30 
24 30 
30 
30 
30 
