0.0 32.4422264099 -11.8525476456
0.0 0.0 0.0
34.9587000884 24.8918607704 0.0844768014299
2.98188090324 0.0 0.0
-3.73819303513 -2.26946806908 2.22975802422
-3.73926401138 -2.2691218853 -2.22830295563
0.0 0.0 0.0
2.5554060936 0.0 0.0
0.0 0.0 0.0
0.0 0.0 0.0
3.41777610779 0.0 0.0
3.96255993843 0.0 0.0
8.83201122284 0.0 0.0
-8.83204269409 0.0 0.0
3.18091702461 0.0 0.0
3.38383889198 0.0 0.0
11.3979358673 0.0 0.0
-11.3979482651 0.0 0.0
3.85276699066 0.0 0.0
3.51563692093 0.0 0.0
0.675044000149 1.90420901775 3.64088392258
0.673713982105 1.9053800106 -3.63923311234
9.58086109161 0.0 0.0
-9.58090305328 0.0 0.0
4.34787988663 0.0 0.0
10.602473259 0.0 0.0
0.0 0.0 0.0
0.0 0.0 0.0
1.87628304958 0.0 0.0
-1.87627005577 0.0 0.0
4.55251216888 0.0 0.0
8.49763679504 0.0 0.0
11.2075796127 0.0 0.0
-11.2075738907 0.0 0.0
1.51233196259 0.0 0.0
-1.51236402988 0.0 0.0
5.75436019897 0.0 0.0
4.80604791641 0.0 0.0
8.82395839691 0.0 0.0
-8.82395839691 0.0 0.0
1.51377594471 0.0 0.0
-1.51377499104 0.0 0.0
3.44691205025 0.0 0.0
11.1804618835 0.0 0.0
-11.1805114746 0.0 0.0
12.9705553055 0.0 0.0
0.752267003059 -1.75827598572 0.0
9.60208320618 0.0 0.0
-9.60207939148 0.0 0.0
0.0 0.0 0.0
1.94438898563 0.0 0.0
-1.94438397884 0.0 0.0
1.61611795425 0.0 0.0
1.42740404606 0.0 0.0
-1.42740797997 0.0 0.0
1.52729701996 0.0 0.0
-1.52729701996 0.0 0.0
