-0.0957698721398 -0.700678089844 0.0957465417795 0.70050763432
0.0 0.0 0.0 1.0
-0.0226958501621 0.00448457653377 -0.098125285988 0.994905128748
0.0 0.0 0.0448414216411 0.998994117553
-0.135643393483 -0.0556538027927 -0.61097733368 0.777952583239
0.0558760514304 -0.135550971126 0.777930611062 0.611005536371
0.000116720715252 -3.43674809277e-05 0.999892397586 -0.0146689619372
0.0 0.0 -0.0179148027368 0.999839517044
-0.141039921886 0.0762085357293 0.0234561778675 0.986787620127
-0.131150158935 0.0715199930293 0.0488497081903 0.987571887215
0.0 0.0 0.0547453775672 0.998500347338
0.0 0.0 0.0134221475639 0.99990991892
0.80427533535 -0.5759109415 -0.145680393604 0.0156523265786
0.801843433985 -0.578978816759 -0.146886990014 0.0159639996381
0.0 0.0 0.390385259605 0.92065158941
-7.19115209788e-06 4.19349006166e-06 0.141095085312 0.989996048897
0.87668158762 -0.481071090306 2.9506983722e-17 -5.36538662939e-17
0.875457495921 -0.483294719814 0.000544359314122 0.000300512570196
0.0 0.0 0.124647814936 0.9922010493
1.33455510617e-07 9.04845420354e-07 0.364142545297 0.931343227121
6.31217225072e-06 0.000121505729876 -0.606809443552 0.794847334028
0.000121505729876 -6.31217225072e-06 0.794847334028 0.606809443552
0.0611341246714 -0.018049485022 0.155561174357 0.985767495875
0.186274224694 -0.0717593090152 0.12843186889 0.971420490744
0.0 0.0 -0.0223522629945 0.999750156959
0.00176605449 -0.0185258447763 0.181288231743 0.983253909811
-0.0966334539536 -0.105849807404 -0.0173053750046 0.989524288659
-0.0990121407642 -0.0993491038669 -0.0606295834957 0.988256244679
0.0 0.0 0.0 1.0
1.74519374293e-08 5.41052017085e-07 2.5045475085e-06 0.999999999997
0.0 0.0 0.0312165643046 0.999512644299
0.000416693106584 0.0114108372748 0.0403050604472 0.999122175343
0.168812959423 0.0787901271821 -0.713144449115 0.675810102977
0.0954540745899 0.125555001352 -0.727875651396 0.667324132176
0.0 0.0 0.0 1.0
3.49065850399e-08 0.0 0.0 1.0
0.0 0.0 0.0 1.0
0.00948525637621 0.0456846346642 -0.0278640103105 0.99852217852
0.0 0.0 0.34218199703 0.939633695069
0.0 0.0 0.4476969061 0.89418537243
0.0 0.0 0.0 1.0
6.10865238198e-08 0.0 0.0 1.0
-0.000513889098572 -0.0163490241469 -0.0473995797349 0.998742071392
0.0 0.0 -0.0140163936931 0.999901765529
0.0 0.0 0.0333633579753 0.999443288208
0.0 0.0 0.0 1.0
0.0 0.0 0.979199051622 -0.202901989399
-0.0530742653172 0.0617173776958 0.266823808898 0.960301589427
-0.0160524168839 0.0410535467823 0.178637290194 0.982927080083
0.0 0.0 0.0 1.0
-3.84000720701e-11 1.9198621918e-06 2.00014731403e-05 0.999999999798
0.0 0.0 0.0 1.0
0.0 0.0 0.536409296543 0.843957976787
0.0 0.0 0.0 1.0
0.0 0.0 0.0 1.0
0.0 0.0 0.0 1.0
0.0 0.0 0.0 1.0
