0.0 0.0 0.0 1.0
0.687654724551 -0.164714444531 0.164714543187 0.687654840601
0.13918561406 0.693273398591 -0.13918527557 0.693272453518
0.677065386944 -0.20391879903 -0.677064555122 -0.203918860447
0.0258573277267 2.23821833351e-06 8.78334165225e-08 0.999665656607
0.680284500179 -2.49595779727e-07 3.81959519173e-07 0.732948089908
-2.63686669434e-07 -0.656919687025 0.753960658788 -3.62839886686e-07
-0.0809119912141 -3.20012745836e-08 -1.51972782682e-08 0.996721237358
-0.00498435580562 3.92085381493e-08 8.09465077903e-10 0.999987549922
-0.136161855819 2.85874212976e-08 -2.51319894535e-08 0.990686592722
-0.122810507281 -3.33145108944e-08 1.92494404019e-08 0.992430148675
-0.102220215459 -0.0533616980447 0.500978298675 0.857743740869
-0.0952967440553 0.052831623208 -0.526366951052 0.843246805508
0.0459070263944 2.11777022439e-08 -7.76330970801e-09 0.998945719246
0.739803912531 0.153309576923 0.203216138375 0.622807634828
0.642629500845 0.318695301824 0.422238347715 0.554234009693
-0.0748007041126 -3.8690215608e-07 -5.8063038556e-08 0.997198500801
-0.0476267947032 -0.700905058879 -0.0934389204842 0.705501970254
-0.0513336035616 -1.19051708558e-07 -6.11940720869e-09 0.998681593402
-0.125775137665 1.52976828275e-07 2.66351666981e-08 0.99205874322
