0.0 0.0 0.688019751564 0.725691960447
0.994801020181 0.101837764345 6.23576460686e-18 6.09139942577e-17
0.93326926086 0.130326209043 -0.00401589871578 -0.334675123855
0.890998331998 0.454006577459 2.77998850939e-17 5.45579127664e-17
0.0 0.0 -0.243892326353 0.969802316529
-0.286362280524 -0.173263412938 -0.381983367037 0.861432029435
0.773158836301 0.538703859165 -0.155090489289 0.296598223363
-0.332120493775 -0.0414673797666 0.00238889693347 0.942321987009
0.0 0.0 -0.285080599816 0.958503548042
0.0 0.0 -0.33457883965 0.942367762637
0.0 0.0 0.402011485578 0.915634624435
0.818380524486 0.574676706628 -3.51887994659e-17 -5.01113544898e-17
0.0 0.0 -0.214136660168 0.976803711486
0.724596595097 0.68917325425 -4.21996909938e-17 -4.43687450429e-17
0.0 0.0 0.554311599665 0.832309227677
0.0 0.0 0.20807835264 0.97811216083
