49
0 0.00940858364231 -0.03118974333 0.0 0.0 0.0 0.688019751564 0.725691960447
0.0416666666667 0.00940858364231 -0.03118974333 0.0 0.0 0.0 0.688019751564 0.725691960447
0.0833333333333 0.00940858364231 -0.03118974333 0.0 0.0 0.0 0.688019751564 0.725691960447
0.125 0.00940858364231 -0.03118974333 0.0 0.0 0.0 0.688019751564 0.725691960447
0.166666666667 0.00940858364231 -0.03118974333 0.0 0.0 0.0 0.688019751564 0.725691960447
0.208333333333 0.00940858364231 -0.03118974333 0.0 0.0 0.0 0.688019751564 0.725691960447
0.25 0.00940858364231 -0.03118974333 0.0 0.0 0.0 0.688019751564 0.725691960447
0.291666666667 0.00940858364231 -0.03118974333 0.0 0.0 0.0 0.688019751564 0.725691960447
0.333333333333 0.00940858364231 -0.03118974333 0.0 0.0 0.0 0.688019751564 0.725691960447
0.375 0.00940858364231 -0.03118974333 0.0 0.0 0.0 0.688019751564 0.725691960447
0.416666666667 0.00940858364231 -0.03118974333 0.0 0.0 0.0 0.688019751564 0.725691960447
0.458333333333 0.00940858364231 -0.03118974333 0.0 0.0 0.0 0.688019751564 0.725691960447
0.5 0.00940858364231 -0.03118974333 0.0 0.0 0.0 0.688019751564 0.725691960447
0.541666666667 0.00940858364231 -0.03118974333 0.0 0.0 0.0 0.688019751564 0.725691960447
0.583333333333 0.00940858364231 -0.03118974333 0.0 0.0 0.0 0.688019751564 0.725691960447
0.625 0.00940858364231 -0.03118974333 0.0 0.0 0.0 0.688019751564 0.725691960447
0.666666666667 0.00940858364231 -0.03118974333 0.0 0.0 0.0 0.688019751564 0.725691960447
0.708333333333 0.00940858364231 -0.03118974333 0.0 0.0 0.0 0.688019751564 0.725691960447
0.75 0.00940858364231 -0.03118974333 0.0 0.0 0.0 0.688019751564 0.725691960447
0.791666666667 0.00940858364231 -0.03118974333 0.0 0.0 0.0 0.688019751564 0.725691960447
0.833333333333 0.00940858364231 -0.03118974333 0.0 0.0 0.0 0.688019751564 0.725691960447
0.875 0.00940858364231 -0.03118974333 0.0 0.0 0.0 0.688019751564 0.725691960447
0.916666666667 0.00940858364231 -0.03118974333 0.0 0.0 0.0 0.688019751564 0.725691960447
0.958333333333 0.00940858364231 -0.03118974333 0.0 0.0 0.0 0.688019751564 0.725691960447
1.0 0.00940858364231 -0.03118974333 0.0 0.0 0.0 0.688019751564 0.725691960447
1.04166666667 0.00940858364231 -0.03118974333 0.0 0.0 0.0 0.688019751564 0.725691960447
1.08333333333 0.00940858364231 -0.03118974333 0.0 0.0 0.0 0.688019751564 0.725691960447
1.125 0.00940858364231 -0.03118974333 0.0 0.0 0.0 0.688019751564 0.725691960447
1.16666666667 0.00940858364231 -0.03118974333 0.0 0.0 0.0 0.688019751564 0.725691960447
1.20833333333 0.00940858364231 -0.03118974333 0.0 0.0 0.0 0.688019751564 0.725691960447
1.25 0.00940858364231 -0.03118974333 0.0 0.0 0.0 0.688019751564 0.725691960447
1.29166666667 0.00940858364231 -0.03118974333 0.0 0.0 0.0 0.688019751564 0.725691960447
1.33333333333 0.00940858364231 -0.03118974333 0.0 0.0 0.0 0.688019751564 0.725691960447
1.375 0.00940858364231 -0.03118974333 0.0 0.0 0.0 0.688019751564 0.725691960447
1.41666666667 0.00940858364231 -0.03118974333 0.0 0.0 0.0 0.688019751564 0.725691960447
1.45833333333 0.00940858364231 -0.03118974333 0.0 0.0 0.0 0.688019751564 0.725691960447
1.5 0.00940858364231 -0.03118974333 0.0 0.0 0.0 0.688019751564 0.725691960447
1.54166666667 0.00940858364231 -0.03118974333 0.0 0.0 0.0 0.688019751564 0.725691960447
1.58333333333 0.00940858364231 -0.03118974333 0.0 0.0 0.0 0.688019751564 0.725691960447
1.625 0.00940858364231 -0.03118974333 0.0 0.0 0.0 0.688019751564 0.725691960447
1.66666666667 0.00940858364231 -0.03118974333 0.0 0.0 0.0 0.688019751564 0.725691960447
1.70833333333 0.00940858364231 -0.03118974333 0.0 0.0 0.0 0.688019751564 0.725691960447
1.75 0.00940858364231 -0.03118974333 0.0 0.0 0.0 0.688019751564 0.725691960447
1.79166666667 0.00940858364231 -0.03118974333 0.0 0.0 0.0 0.688019751564 0.725691960447
1.83333333333 0.00940858364231 -0.03118974333 0.0 0.0 0.0 0.688019751564 0.725691960447
1.875 0.00940858364231 -0.03118974333 0.0 0.0 0.0 0.688019751564 0.725691960447
1.91666666667 0.00940858364231 -0.03118974333 0.0 0.0 0.0 0.688019751564 0.725691960447
1.95833333333 0.00940858364231 -0.03118974333 0.0 0.0 0.0 0.688019751564 0.725691960447
2.0 0.00940858364231 -0.03118974333 0.0 0.0 0.0 0.688019751564 0.725691960447
49
0 1.25256519604 -1.94289029309e-16 0.0 0.994801020181 0.101837764345 6.23576460686e-18 6.09139942577e-17
0.0416666666667 1.25256519604 -1.94289029309e-16 0.0 0.994801020181 0.101837764345 6.23576460686e-18 6.09139942577e-17
0.0833333333333 1.25256519604 -1.94289029309e-16 0.0 0.994801020181 0.101837764345 6.23576460686e-18 6.09139942577e-17
0.125 1.25256519604 -1.94289029309e-16 0.0 0.994801020181 0.101837764345 6.23576460686e-18 6.09139942577e-17
0.166666666667 1.25256519604 -1.94289029309e-16 0.0 0.994801020181 0.101837764345 6.23576460686e-18 6.09139942577e-17
0.208333333333 1.25256519604 -1.94289029309e-16 0.0 0.994801020181 0.101837764345 6.23576460686e-18 6.09139942577e-17
0.25 1.25256519604 -1.94289029309e-16 0.0 0.994801020181 0.101837764345 6.23576460686e-18 6.09139942577e-17
0.291666666667 1.25256519604 -1.94289029309e-16 0.0 0.994801020181 0.101837764345 6.23576460686e-18 6.09139942577e-17
0.333333333333 1.25256519604 -1.94289029309e-16 0.0 0.994801020181 0.101837764345 6.23576460686e-18 6.09139942577e-17
0.375 1.25256519604 -1.94289029309e-16 0.0 0.994801020181 0.101837764345 6.23576460686e-18 6.09139942577e-17
0.416666666667 1.25256519604 -1.94289029309e-16 0.0 0.994801020181 0.101837764345 6.23576460686e-18 6.09139942577e-17
0.458333333333 1.25256519604 -1.94289029309e-16 0.0 0.994801020181 0.101837764345 6.23576460686e-18 6.09139942577e-17
0.5 1.25256519604 -1.94289029309e-16 0.0 0.994801020181 0.101837764345 6.23576460686e-18 6.09139942577e-17
0.541666666667 1.25256519604 -1.94289029309e-16 0.0 0.994801020181 0.101837764345 6.23576460686e-18 6.09139942577e-17
0.583333333333 1.25256519604 -1.94289029309e-16 0.0 0.994801020181 0.101837764345 6.23576460686e-18 6.09139942577e-17
0.625 1.25256519604 -1.94289029309e-16 0.0 0.994801020181 0.101837764345 6.23576460686e-18 6.09139942577e-17
0.666666666667 1.25256519604 -1.94289029309e-16 0.0 0.994801020181 0.101837764345 6.23576460686e-18 6.09139942577e-17
0.708333333333 1.25256519604 -1.94289029309e-16 0.0 0.994801020181 0.101837764345 6.23576460686e-18 6.09139942577e-17
0.75 1.25256519604 -1.94289029309e-16 0.0 0.994801020181 0.101837764345 6.23576460686e-18 6.09139942577e-17
0.791666666667 1.25256519604 -1.94289029309e-16 0.0 0.994801020181 0.101837764345 6.23576460686e-18 6.09139942577e-17
0.833333333333 1.25256519604 -1.94289029309e-16 0.0 0.994801020181 0.101837764345 6.23576460686e-18 6.09139942577e-17
0.875 1.25256519604 -1.94289029309e-16 0.0 0.994801020181 0.101837764345 6.23576460686e-18 6.09139942577e-17
0.916666666667 1.25256519604 -1.94289029309e-16 0.0 0.994801020181 0.101837764345 6.23576460686e-18 6.09139942577e-17
0.958333333333 1.25256519604 -1.94289029309e-16 0.0 0.994801020181 0.101837764345 6.23576460686e-18 6.09139942577e-17
1.0 1.25256519604 -1.94289029309e-16 0.0 0.994801020181 0.101837764345 6.23576460686e-18 6.09139942577e-17
1.04166666667 1.25256519604 -1.94289029309e-16 0.0 0.994801020181 0.101837764345 6.23576460686e-18 6.09139942577e-17
1.08333333333 1.25256519604 -1.94289029309e-16 0.0 0.994801020181 0.101837764345 6.23576460686e-18 6.09139942577e-17
1.125 1.25256519604 -1.94289029309e-16 0.0 0.994801020181 0.101837764345 6.23576460686e-18 6.09139942577e-17
1.16666666667 1.25256519604 -1.94289029309e-16 0.0 0.994801020181 0.101837764345 6.23576460686e-18 6.09139942577e-17
1.20833333333 1.25256519604 -1.94289029309e-16 0.0 0.994801020181 0.101837764345 6.23576460686e-18 6.09139942577e-17
1.25 1.25256519604 -1.94289029309e-16 0.0 0.994801020181 0.101837764345 6.23576460686e-18 6.09139942577e-17
1.29166666667 1.25256519604 -1.94289029309e-16 0.0 0.994801020181 0.101837764345 6.23576460686e-18 6.09139942577e-17
1.33333333333 1.25256519604 -1.94289029309e-16 0.0 0.994801020181 0.101837764345 6.23576460686e-18 6.09139942577e-17
1.375 1.25256519604 -1.94289029309e-16 0.0 0.994801020181 0.101837764345 6.23576460686e-18 6.09139942577e-17
1.41666666667 1.25256519604 -1.94289029309e-16 0.0 0.994801020181 0.101837764345 6.23576460686e-18 6.09139942577e-17
1.45833333333 1.25256519604 -1.94289029309e-16 0.0 0.994801020181 0.101837764345 6.23576460686e-18 6.09139942577e-17
1.5 1.25256519604 -1.94289029309e-16 0.0 0.994801020181 0.101837764345 6.23576460686e-18 6.09139942577e-17
1.54166666667 1.25256519604 -1.94289029309e-16 0.0 0.994801020181 0.101837764345 6.23576460686e-18 6.09139942577e-17
1.58333333333 1.25256519604 -1.94289029309e-16 0.0 0.994801020181 0.101837764345 6.23576460686e-18 6.09139942577e-17
1.625 1.25256519604 -1.94289029309e-16 0.0 0.994801020181 0.101837764345 6.23576460686e-18 6.09139942577e-17
1.66666666667 1.25256519604 -1.94289029309e-16 0.0 0.994801020181 0.101837764345 6.23576460686e-18 6.09139942577e-17
1.70833333333 1.25256519604 -1.94289029309e-16 0.0 0.994801020181 0.101837764345 6.23576460686e-18 6.09139942577e-17
1.75 1.25256519604 -1.94289029309e-16 0.0 0.994801020181 0.101837764345 6.23576460686e-18 6.09139942577e-17
1.79166666667 1.25256519604 -1.94289029309e-16 0.0 0.994801020181 0.101837764345 6.23576460686e-18 6.09139942577e-17
1.83333333333 1.25256519604 -1.94289029309e-16 0.0 0.994801020181 0.101837764345 6.23576460686e-18 6.09139942577e-17
1.875 1.25256519604 -1.94289029309e-16 0.0 0.994801020181 0.101837764345 6.23576460686e-18 6.09139942577e-17
1.91666666667 1.25256519604 -1.94289029309e-16 0.0 0.994801020181 0.101837764345 6.23576460686e-18 6.09139942577e-17
1.95833333333 1.25256519604 -1.94289029309e-16 0.0 0.994801020181 0.101837764345 6.23576460686e-18 6.09139942577e-17
2.0 1.25256519604 -1.94289029309e-16 0.0 0.994801020181 0.101837764345 6.23576460686e-18 6.09139942577e-17
49
0 1.13914205576 -0.0431704977872 -5.28686119327e-18 0.92267300011 0.191444427701 -0.0260257592104 -0.333685819039
0.0416666666667 1.13914205576 -0.0431704977872 -5.28686119327e-18 0.92267300011 0.191444427701 -0.0260257592104 -0.333685819039
0.0833333333333 1.13914205576 -0.0431704977872 -5.28686119327e-18 0.922809544968 0.190685863639 -0.025750415584 -0.333763930378
0.125 1.13914205576 -0.0431704977872 -5.28686119327e-18 0.923200732447 0.188499667952 -0.02495705384 -0.333984173659
0.166666666667 1.13914205576 -0.0431704977872 -5.28686119327e-18 0.923816413822 0.185018891785 -0.0236944625359 -0.334319930128
0.208333333333 1.13914205576 -0.0431704977872 -5.28686119327e-18 0.92462407648 0.18037557242 -0.0220112836144 -0.334739411274
0.25 1.13914205576 -0.0431704977872 -5.28686119327e-18 0.92558991676 0.174701406131 -0.0199561787063 -0.335208107926
0.291666666667 1.13914205576 -0.0431704977872 -5.28686119327e-18 0.926679799365 0.168128331697 -0.0175779689699 -0.335690971782
0.333333333333 1.13914205576 -0.0431704977872 -5.28686119327e-18 0.927860110634 0.160789000204 -0.0149257360238 -0.336154331985
0.375 1.13914205576 -0.0431704977872 -5.28686119327e-18 0.929098508975 0.152817118018 -0.0120488775041 -0.336567546878
0.416666666667 1.13914205576 -0.0431704977872 -5.28686119327e-18 0.930364572428 0.144347659637 -0.00899711596235 -0.336904389154
0.458333333333 1.13914205576 -0.0431704977872 -5.28686119327e-18 0.931630340572 0.135516955586 -0.00582046420488 -0.337144161258
0.5 1.13914205576 -0.0431704977872 -5.28686119327e-18 0.932870745984 0.126462667559 -0.00256915374774 -0.337272537349
0.541666666667 1.13914205576 -0.0431704977872 -5.28686119327e-18 0.934063929104 0.117323668673 0.000706464191099 -0.337282128232
0.583333333333 1.13914205576 -0.0431704977872 -5.28686119327e-18 0.935191429656 0.108239850832 0.00395603382196 -0.337172766377
0.625 1.13914205576 -0.0431704977872 -5.28686119327e-18 0.936238247696 0.0993518838857 0.00712931360832 -0.336951509281
0.666666666667 1.13914205576 -0.0431704977872 -5.28686119327e-18 0.93719276774 0.0908009522971 0.0101762860928 -0.336632360831
0.708333333333 1.13914205576 -0.0431704977872 -5.28686119327e-18 0.938046540281 0.0827284944743 0.0130472465689 -0.336235711705
0.75 1.13914205576 -0.0431704977872 -5.28686119327e-18 0.938793916127 0.075275967705 0.0156928597608 -0.33578750108
0.791666666667 1.13914205576 -0.0431704977872 -5.28686119327e-18 0.939431530387 0.0685846577188 0.0180641757392 -0.335318102696
0.833333333333 1.13914205576 -0.0431704977872 -5.28686119327e-18 0.939957634416 0.0627955463392 0.0201125990869 -0.33486093863
0.875 1.13914205576 -0.0431704977872 -5.28686119327e-18 0.940371275661 0.0580492434543 0.0217898088028 -0.334450823708
0.916666666667 1.13914205576 -0.0431704977872 -5.28686119327e-18 0.940671326977 0.0544859806743 0.0230476305875 -0.334122042429
0.958333333333 1.13914205576 -0.0431704977872 -5.28686119327e-18 0.940855368784 0.0522456535647 0.0238378679833 -0.333906158619
1.0 1.13914205576 -0.0431704977872 -5.28686119327e-18 0.940918429306 0.051467887284 0.0241121043707 -0.333829555901
1.04166666667 1.13914205576 -0.0431704977872 -5.28686119327e-18 0.940860458138 0.0521830790857 0.0238599334759 -0.333900027169
1.08333333333 1.13914205576 -0.0431704977872 -5.28686119327e-18 0.940691142755 0.0542468305832 0.0231320085846 -0.334099334769
1.125 1.13914205576 -0.0431704977872 -5.28686119327e-18 0.940415026346 0.0575362661689 0.0219709592292 -0.334404595137
1.16666666667 1.13914205576 -0.0431704977872 -5.28686119327e-18 0.94003440719 0.0619282869257 0.0204192147713 -0.334788375314
1.20833333333 1.13914205576 -0.0431704977872 -5.28686119327e-18 0.939550368677 0.0672995166535 0.018519166408 -0.335220703795
1.25 1.13914205576 -0.0431704977872 -5.28686119327e-18 0.938963699996 0.0735262630859 0.0163133079946 -0.335670872595
1.29166666667 1.13914205576 -0.0431704977872 -5.28686119327e-18 0.938275703363 0.0804845143643 0.013844346141 -0.336109032171
1.33333333333 1.13914205576 -0.0431704977872 -5.28686119327e-18 0.937488885038 0.0880499820621 0.0111552740612 -0.336507579335
1.375 1.13914205576 -0.0431704977872 -5.28686119327e-18 0.936607528683 0.0960981943619 0.00828940719167 -0.336842336982
1.41666666667 1.13914205576 -0.0431704977872 -5.28686119327e-18 0.935638150765 0.104504636396 0.00529038166645 -0.337093523619
1.45833333333 1.13914205576 -0.0431704977872 -5.28686119327e-18 0.934589838907 0.113144929272 0.00220211935631 -0.33724651023
1.5 1.13914205576 -0.0431704977872 -5.28686119327e-18 0.933474475137 0.121895034958 -0.000931234678247 -0.337292362087
1.54166666667 1.13914205576 -0.0431704977872 -5.28686119327e-18 0.932306847067 0.130631470956 -0.0040653948024 -0.337228163523
1.58333333333 1.13914205576 -0.0431704977872 -5.28686119327e-18 0.931104650864 0.139231516649 -0.00715602881196 -0.337057124481
1.625 1.13914205576 -0.0431704977872 -5.28686119327e-18 0.929888390628 0.147573392225 -0.0101588540086 -0.33678846858
1.66666666667 1.13914205576 -0.0431704977872 -5.28686119327e-18 0.928681179213 0.155536391301 -0.0130297259268 -0.336437103481
1.70833333333 1.13914205576 -0.0431704977872 -5.28686119327e-18 0.927508445682 0.163000949603 -0.0157247107497 -0.336023075232
1.75 1.13914205576 -0.0431704977872 -5.28686119327e-18 0.926397554322 0.169848634445 -0.0182001334701 -0.335570809019
1.79166666667 1.13914205576 -0.0431704977872 -5.28686119327e-18 0.925377339511 0.175962043075 -0.0204125954403 -0.33510813906
1.83333333333 1.13914205576 -0.0431704977872 -5.28686119327e-18 0.924477559597 0.181224602324 -0.0223189571049 -0.334665130344
1.875 1.13914205576 -0.0431704977872 -5.28686119327e-18 0.923728271347 0.185520267304 -0.023876284422 -0.334272694331
1.91666666667 1.13914205576 -0.0431704977872 -5.28686119327e-18 0.923159124501 0.188733123155 -0.0250417607435 -0.33396099966
1.95833333333 1.13914205576 -0.0431704977872 -5.28686119327e-18 0.922798573435 0.190746901029 -0.0257725697289 -0.333757677461
2.0 1.13914205576 -0.0431704977872 -5.28686119327e-18 0.92267300011 0.191444427701 -0.0260257592104 -0.333685819039
49
0 0.307590704404 0.246555804854 3.01943777226e-17 0.890998331998 0.454006577459 2.77998850939e-17 5.45579127664e-17
0.0416666666667 0.307590704404 0.246555804854 3.01943777226e-17 0.890998331998 0.454006577459 2.77998850939e-17 5.45579127664e-17
0.0833333333333 0.307590704404 0.246555804854 3.01943777226e-17 0.891250990365 0.453510388164 2.78302593064e-17 5.45424249882e-17
0.125 0.307590704404 0.246555804854 3.01943777226e-17 0.891977252597 0.452080281421 2.79177069128e-17 5.44977164419e-17
0.166666666667 0.307590704404 0.246555804854 3.01943777226e-17 0.893127769733 0.449803053493 2.80566594305e-17 5.44263109007e-17
0.208333333333 0.307590704404 0.246555804854 3.01943777226e-17 0.894651510011 0.446764675903 2.82414946939e-17 5.4330630717e-17
0.25 0.307590704404 0.246555804854 3.01943777226e-17 0.896496547531 0.443050719744 2.84665606542e-17 5.42130462267e-17
0.291666666667 0.307590704404 0.246555804854 3.01943777226e-17 0.898610764735 0.438746730475 2.87261966902e-17 5.4075919598e-17
0.333333333333 0.307590704404 0.246555804854 3.01943777226e-17 0.900942470655 0.433938549302 2.90147526701e-17 5.3921643003e-17
0.375 0.307590704404 0.246555804854 3.01943777226e-17 0.90344093586 0.428712579024 2.93266058843e-17 5.37526710403e-17
0.416666666667 0.307590704404 0.246555804854 3.01943777226e-17 0.906056844176 0.42315599384 2.96561758725e-17 5.35715473855e-17
0.458333333333 0.307590704404 0.246555804854 3.01943777226e-17 0.908742660526 0.417356893964 2.99979370817e-17 5.33809256898e-17
0.5 0.307590704404 0.246555804854 3.01943777226e-17 0.911452913705 0.411404406999 3.03464292265e-17 5.31835847782e-17
0.541666666667 0.307590704404 0.246555804854 3.01943777226e-17 0.914144392499 0.405388738943 3.06962651684e-17 5.29824382354e-17
0.583333333333 0.307590704404 0.246555804854 3.01943777226e-17 0.916776253361 0.399401178358 3.10421361008e-17 5.27805384868e-17
0.625 0.307590704404 0.246555804854 3.01943777226e-17 0.919310037736 0.393534057635 3.13788138004e-17 5.25810755038e-17
0.666666666667 0.307590704404 0.246555804854 3.01943777226e-17 0.921709597203 0.387880675498 3.17011497088e-17 5.23873702699e-17
0.708333333333 0.307590704404 0.246555804854 3.01943777226e-17 0.923940924743 0.382535184768 3.2004070612e-17 5.22028631486e-17
0.75 0.307590704404 0.246555804854 3.01943777226e-17 0.92597189071 0.377592449096 3.22825707176e-17 5.20310972834e-17
0.791666666667 0.307590704404 0.246555804854 3.01943777226e-17 0.927771882423 0.373147871743 3.25316999619e-17 5.18756971446e-17
0.833333333333 0.307590704404 0.246555804854 3.01943777226e-17 0.929311346695 0.369297198613 3.27465484365e-17 5.1740342308e-17
0.875 0.307590704404 0.246555804854 3.01943777226e-17 0.930561235133 0.366136296573 3.29222268864e-17 5.16287365088e-17
0.916666666667 0.307590704404 0.246555804854 3.01943777226e-17 0.931492352504 0.363760906677 3.30538433104e-17 5.15445719651e-17
0.958333333333 0.307590704404 0.246555804854 3.01943777226e-17 0.932074609155 0.362266370187 3.31364757866e-17 5.14914888996e-17
1.0 0.307590704404 0.246555804854 3.01943777226e-17 0.93227617907 0.361747323333 3.31651417491e-17 5.14730301169e-17
1.04166666667 0.307590704404 0.246555804854 3.01943777226e-17 0.93227617907 0.361747323333 3.31651417491e-17 5.14730301169e-17
1.08333333333 0.307590704404 0.246555804854 3.01943777226e-17 0.93227617907 0.361747323333 3.31651417491e-17 5.14730301169e-17
1.125 0.307590704404 0.246555804854 3.01943777226e-17 0.93227617907 0.361747323333 3.31651417491e-17 5.14730301169e-17
1.16666666667 0.307590704404 0.246555804854 3.01943777226e-17 0.93227617907 0.361747323333 3.31651417491e-17 5.14730301169e-17
1.20833333333 0.307590704404 0.246555804854 3.01943777226e-17 0.93227617907 0.361747323333 3.31651417491e-17 5.14730301169e-17
1.25 0.307590704404 0.246555804854 3.01943777226e-17 0.93227617907 0.361747323333 3.31651417491e-17 5.14730301169e-17
1.29166666667 0.307590704404 0.246555804854 3.01943777226e-17 0.93227617907 0.361747323333 3.31651417491e-17 5.14730301169e-17
1.33333333333 0.307590704404 0.246555804854 3.01943777226e-17 0.93227617907 0.361747323333 3.31651417491e-17 5.14730301169e-17
1.375 0.307590704404 0.246555804854 3.01943777226e-17 0.93227617907 0.361747323333 3.31651417491e-17 5.14730301169e-17
1.41666666667 0.307590704404 0.246555804854 3.01943777226e-17 0.93227617907 0.361747323333 3.31651417491e-17 5.14730301169e-17
1.45833333333 0.307590704404 0.246555804854 3.01943777226e-17 0.93227617907 0.361747323333 3.31651417491e-17 5.14730301169e-17
1.5 0.307590704404 0.246555804854 3.01943777226e-17 0.93227617907 0.361747323333 3.31651417491e-17 5.14730301169e-17
1.54166666667 0.307590704404 0.246555804854 3.01943777226e-17 0.931554623466 0.36360140745 3.30626684963e-17 5.15389115966e-17
1.58333333333 0.307590704404 0.246555804854 3.01943777226e-17 0.929540553734 0.368719892282 3.27786802626e-17 5.17199920427e-17
1.625 0.307590704404 0.246555804854 3.01943777226e-17 0.92644471108 0.376430866578 3.23477988904e-17 5.19905699488e-17
1.66666666667 0.307590704404 0.246555804854 3.01943777226e-17 0.922473687716 0.386059963569 3.1804529057e-17 5.23246728429e-17
1.70833333333 0.307590704404 0.246555804854 3.01943777226e-17 0.91784604143 0.39693657457 3.11838329537e-17 5.2696945063e-17
1.75 0.307590704404 0.246555804854 3.01943777226e-17 0.912803608763 0.408398790191 3.05215129004e-17 5.30832996989e-17
1.79166666667 0.307590704404 0.246555804854 3.01943777226e-17 0.907618040719 0.419796965404 2.98544068141e-17 5.34613304215e-17
1.83333333333 0.307590704404 0.246555804854 3.01943777226e-17 0.902592663 0.430495626806 2.92204117219e-17 5.38104729161e-17
1.875 0.307590704404 0.246555804854 3.01943777226e-17 0.8980598143 0.439873356706 2.8658356074e-17 5.41119033466e-17
1.91666666667 0.307590704404 0.246555804854 3.01943777226e-17 0.894373832745 0.447320296099 2.82077421635e-17 5.43481622384e-17
1.95833333333 0.307590704404 0.246555804854 3.01943777226e-17 0.891899832504 0.452233002753 2.79083751838e-17 5.45024958259e-17
2.0 0.307590704404 0.246555804854 3.01943777226e-17 0.890998331998 0.454006577459 2.77998850939e-17 5.45579127664e-17
49
0 0.297616754467 -0.196670134818 0.194318010091 -0.0287999607712 -0.114518849729 -0.242185939133 0.963017116256
0.0416666666667 0.297616754467 -0.196670134818 0.194318010091 -0.0287999607712 -0.114518849729 -0.242185939133 0.963017116256
0.0833333333333 0.297616754467 -0.196670134818 0.194318010091 -0.0285887457596 -0.113462969202 -0.242471339765 0.963076574125
0.125 0.297616754467 -0.196670134818 0.194318010091 -0.0279740745622 -0.110406387178 -0.243295897676 0.963241915095
0.166666666667 0.297616754467 -0.196670134818 0.194318010091 -0.0269805320053 -0.105515664151 -0.244610190855 0.963485521449
0.208333333333 0.297616754467 -0.196670134818 0.194318010091 -0.0256288608577 -0.098957507051 -0.246362735714 0.963771744627
0.25 0.297616754467 -0.196670134818 0.194318010091 -0.0239375031535 -0.090899013328 -0.248500601446 0.964060068875
0.291666666667 0.297616754467 -0.196670134818 0.194318010091 -0.0219239976845 -0.0815078844128 -0.250969971664 0.964307977996
0.333333333333 0.297616754467 -0.196670134818 0.194318010091 -0.0196062289321 -0.0709525687804 -0.253716678756 0.964473522546
0.375 0.297616754467 -0.196670134818 0.194318010091 -0.017003523196 -0.0594023095815 -0.25668672661 0.964517584183
0.416666666667 0.297616754467 -0.196670134818 0.194318010091 -0.0141375881415 -0.047027084968 -0.259826808635 0.964405833348
0.458333333333 0.297616754467 -0.196670134818 0.194318010091 -0.0110332926525 -0.0339974408034 -0.263084820418 0.964110376325
0.5 0.297616754467 -0.196670134818 0.194318010091 -0.00771928487596 -0.0204842254042 -0.266410359919 0.963611088188
0.541666666667 0.297616754467 -0.196670134818 0.194318010091 -0.00422844771958 -0.00665824425813 -0.269755202862 0.962896629209
0.583333333333 0.297616754467 -0.196670134818 0.194318010091 -0.000598192771423 0.00731014073319 -0.273073737029 0.961965143939
0.625 0.297616754467 -0.196670134818 0.194318010091 0.00312940443949 0.0212514380623 -0.276323336421 0.960824644229
0.666666666667 0.297616754467 -0.196670134818 0.194318010091 0.00690762288804 0.034997446938 -0.279464654713 0.959493079819
0.708333333333 0.297616754467 -0.196670134818 0.194318010091 0.0106852613035 0.0483816372274 -0.282461817143 0.957998102413
0.75 0.297616754467 -0.196670134818 0.194318010091 0.0144069416701 0.0612394555032 -0.285282490707 0.956376531298
0.791666666667 0.297616754467 -0.196670134818 0.194318010091 0.0180135412598 0.0734085257605 -0.287897814349 0.954673530151
0.833333333333 0.297616754467 -0.196670134818 0.194318010091 0.0214427429911 0.0847287170594 -0.290282173506 0.952941505562
0.875 0.297616754467 -0.196670134818 0.194318010091 0.0246296942758 0.0950420555935 -0.292412806862 0.951238737758
0.916666666667 0.297616754467 -0.196670134818 0.194318010091 0.0275077658368 0.104192465374 -0.294269237312 0.949627752833
0.958333333333 0.297616754467 -0.196670134818 0.194318010091 0.0300094043652 0.112025329791 -0.295832523896 0.94817344349
1.0 0.297616754467 -0.196670134818 0.194318010091 0.03206707632 0.118386875703 -0.297084336764 0.946940941731
1.04166666667 0.297616754467 -0.196670134818 0.194318010091 0.03361430463 0.123123392398 -0.29800586304 0.945993242239
1.08333333333 0.297616754467 -0.196670134818 0.194318010091 0.0345868053971 0.1260803098 -0.298576557916 0.94538856955
1.125 0.297616754467 -0.196670134818 0.194318010091 0.0349237377054 0.127101173756 -0.298772762479 0.945177475702
1.16666666667 0.297616754467 -0.196670134818 0.194318010091 0.0344106969391 0.125545990261 -0.298473695345 0.945498578239
1.20833333333 0.297616754467 -0.196670134818 0.194318010091 0.0329453277083 0.121080336226 -0.297609478469 0.946405175328
1.25 0.297616754467 -0.196670134818 0.194318010091 0.0306455496437 0.113999764682 -0.296222771282 0.94779585023
1.29166666667 0.297616754467 -0.196670134818 0.194318010091 0.0276359637861 0.10459655503 -0.294350472686 0.949554428883
1.33333333333 0.297616754467 -0.196670134818 0.194318010091 0.0240444131009 0.0931625174059 -0.292027512121 0.951557956046
1.375 0.297616754467 -0.196670134818 0.194318010091 0.0199989173338 0.0799913304997 -0.289290106078 0.953683734199
1.41666666667 0.297616754467 -0.196670134818 0.194318010091 0.015624945828 0.0653802935673 -0.286178410589 0.955815461056
1.45833333333 0.297616754467 -0.196670134818 0.194318010091 0.0110430213941 0.0496314402679 -0.282738536049 0.957848470296
1.5 0.297616754467 -0.196670134818 0.194318010091 0.00636667177705 0.033052019646 -0.279023922416 0.959694055524
1.54166666667 0.297616754467 -0.196670134818 0.194318010091 0.00170076173879 0.0159543982865 -0.275096100777 0.961282840751
1.58333333333 0.297616754467 -0.196670134818 0.194318010091 -0.00285975193317 -0.00134452287194 -0.271024891259 0.962567152148
1.625 0.297616754467 -0.196670134818 0.194318010091 -0.0072305975834 -0.0185242539504 -0.266888106799 0.963522344797
1.66666666667 0.297616754467 -0.196670134818 0.194318010091 -0.0113384562087 -0.0352618815761 -0.262770846318 0.964147043476
1.70833333333 0.297616754467 -0.196670134818 0.194318010091 -0.0151206849338 -0.0512333042959 -0.258764468564 0.964462266357
1.75 0.297616754467 -0.196670134818 0.194318010091 -0.0185244721013 -0.0661143917327 -0.254965338351 0.9645094128
1.79166666667 0.297616754467 -0.196670134818 0.194318010091 -0.0215054106898 -0.0795819370753 -0.25147342948 0.96434710912
1.83333333333 0.297616754467 -0.196670134818 0.194318010091 -0.0240254872925 -0.0913143002841 -0.248390852871 0.964046917289
1.875 0.297616754467 -0.196670134818 0.194318010091 -0.0260504926761 -0.100991678969 -0.24582035413 0.963687919456
1.91666666667 0.297616754467 -0.196670134818 0.194318010091 -0.027546866349 -0.108295994926 -0.243863792194 0.963350195149
1.95833333333 0.297616754467 -0.196670134818 0.194318010091 -0.0284779916688 -0.112910446464 -0.242620569919 0.963107208011
2.0 0.297616754467 -0.196670134818 0.194318010091 -0.0287999607712 -0.114518849729 -0.242185939133 0.963017116256
49
0 0.768140180476 2.28983498829e-16 6.24500451352e-17 -0.219168923559 -0.0282529986897 -0.42412218917 0.878229537003
0.0416666666667 0.768140180476 2.28983498829e-16 6.24500451352e-17 -0.219168923559 -0.0282529986897 -0.42412218917 0.878229537003
0.0833333333333 0.768140180476 2.28983498829e-16 6.24500451352e-17 -0.216094325959 -0.0316353983344 -0.432030867757 0.875015298818
0.125 0.768140180476 2.28983498829e-16 6.24500451352e-17 -0.213000233647 -0.0350154817683 -0.439898976585 0.871718823304
0.166666666667 0.768140180476 2.28983498829e-16 6.24500451352e-17 -0.209886942117 -0.0383929251666 -0.447725781573 0.868340416738
0.208333333333 0.768140180476 2.28983498829e-16 6.24500451352e-17 -0.206754748594 -0.0417674048922 -0.455510552523 0.864880393096
0.25 0.768140180476 2.28983498829e-16 6.24500451352e-17 -0.203603952 -0.0451385975269 -0.463252563183 0.861339074028
0.291666666667 0.768140180476 2.28983498829e-16 6.24500451352e-17 -0.200434852932 -0.0485061799025 -0.470951091315 0.857716788824
0.333333333333 0.768140180476 2.28983498829e-16 6.24500451352e-17 -0.197247753627 -0.0518698291314 -0.478605418767 0.854013874385
0.375 0.768140180476 2.28983498829e-16 6.24500451352e-17 -0.194042957938 -0.0552292226378 -0.486214831532 0.850230675193
0.416666666667 0.768140180476 2.28983498829e-16 6.24500451352e-17 -0.190820771302 -0.0585840381885 -0.493778619824 0.846367543278
0.458333333333 0.768140180476 2.28983498829e-16 6.24500451352e-17 -0.187581500712 -0.0619339539239 -0.501296078137 0.842424838183
0.5 0.768140180476 2.28983498829e-16 6.24500451352e-17 -0.184325454688 -0.0652786483888 -0.508766505312 0.838402926934
0.541666666667 0.768140180476 2.28983498829e-16 6.24500451352e-17 -0.18220990935 -0.0674300519425 -0.513624020336 0.835729084551
0.583333333333 0.768140180476 2.28983498829e-16 6.24500451352e-17 -0.180087103138 -0.0695787684792 -0.518461067979 0.833021939237
0.625 0.768140180476 2.28983498829e-16 6.24500451352e-17 -0.177957120644 -0.0717247123746 -0.523277455491 0.83028159887
0.666666666667 0.768140180476 2.28983498829e-16 6.24500451352e-17 -0.175820046744 -0.0738677981152 -0.528072990943 0.827508172649
0.708333333333 0.768140180476 2.28983498829e-16 6.24500451352e-17 -0.173675966599 -0.0760079403013 -0.532847483238 0.824701771093
0.75 0.768140180476 2.28983498829e-16 6.24500451352e-17 -0.171524965648 -0.0781450536504 -0.537600742119 0.821862506033
0.791666666667 0.768140180476 2.28983498829e-16 6.24500451352e-17 -0.169367129606 -0.0802790530008 -0.542332578171 0.818990490612
0.833333333333 0.768140180476 2.28983498829e-16 6.24500451352e-17 -0.167202544462 -0.0824098533149 -0.547042802838 0.816085839275
0.875 0.768140180476 2.28983498829e-16 6.24500451352e-17 -0.165031296471 -0.0845373696825 -0.55173122842 0.813148667771
0.916666666667 0.768140180476 2.28983498829e-16 6.24500451352e-17 -0.162853472155 -0.0866615173243 -0.55639766809 0.810179093143
0.958333333333 0.768140180476 2.28983498829e-16 6.24500451352e-17 -0.160669158299 -0.0887822115952 -0.561041935895 0.807177233725
1.0 0.768140180476 2.28983498829e-16 6.24500451352e-17 -0.158478441945 -0.0908993679878 -0.565663846764 0.804143209137
1.04166666667 0.768140180476 2.28983498829e-16 6.24500451352e-17 -0.160669158299 -0.0887822115952 -0.561041935895 0.807177233725
1.08333333333 0.768140180476 2.28983498829e-16 6.24500451352e-17 -0.162853472155 -0.0866615173243 -0.55639766809 0.810179093143
1.125 0.768140180476 2.28983498829e-16 6.24500451352e-17 -0.165031296471 -0.0845373696825 -0.55173122842 0.813148667771
1.16666666667 0.768140180476 2.28983498829e-16 6.24500451352e-17 -0.167202544462 -0.0824098533149 -0.547042802838 0.816085839275
1.20833333333 0.768140180476 2.28983498829e-16 6.24500451352e-17 -0.169367129606 -0.0802790530008 -0.542332578171 0.818990490612
1.25 0.768140180476 2.28983498829e-16 6.24500451352e-17 -0.171524965648 -0.0781450536504 -0.537600742119 0.821862506033
1.29166666667 0.768140180476 2.28983498829e-16 6.24500451352e-17 -0.173675966599 -0.0760079403013 -0.532847483238 0.824701771093
1.33333333333 0.768140180476 2.28983498829e-16 6.24500451352e-17 -0.175820046744 -0.0738677981152 -0.528072990943 0.827508172649
1.375 0.768140180476 2.28983498829e-16 6.24500451352e-17 -0.177957120644 -0.0717247123746 -0.523277455491 0.83028159887
1.41666666667 0.768140180476 2.28983498829e-16 6.24500451352e-17 -0.180087103138 -0.0695787684792 -0.518461067979 0.833021939237
1.45833333333 0.768140180476 2.28983498829e-16 6.24500451352e-17 -0.18220990935 -0.0674300519425 -0.513624020336 0.835729084551
1.5 0.768140180476 2.28983498829e-16 6.24500451352e-17 -0.184325454688 -0.0652786483888 -0.508766505312 0.838402926934
1.54166666667 0.768140180476 2.28983498829e-16 6.24500451352e-17 -0.187310800006 -0.0622128823168 -0.501920419702 0.842092699031
1.58333333333 0.768140180476 2.28983498829e-16 6.24500451352e-17 -0.190282070943 -0.0591427064291 -0.495034765892 0.845715941857
1.625 0.768140180476 2.28983498829e-16 6.24500451352e-17 -0.193239029715 -0.0560683682881 -0.488110083532 0.849272371991
1.66666666667 0.768140180476 2.28983498829e-16 6.24500451352e-17 -0.196181439612 -0.052990115745 -0.481146915348 0.852761711287
1.70833333333 0.768140180476 2.28983498829e-16 6.24500451352e-17 -0.199109065016 -0.0499081969206 -0.474145807101 0.856183686902
1.75 0.768140180476 2.28983498829e-16 6.24500451352e-17 -0.202021671424 -0.0468228601845 -0.467107307546 0.859538031315
1.79166666667 0.768140180476 2.28983498829e-16 6.24500451352e-17 -0.204919025461 -0.0437343541359 -0.460031968387 0.862824482345
1.83333333333 0.768140180476 2.28983498829e-16 6.24500451352e-17 -0.207800894906 -0.0406429275829 -0.452920344234 0.866042783177
1.875 0.768140180476 2.28983498829e-16 6.24500451352e-17 -0.210667048701 -0.0375488295228 -0.445772992561 0.869192682376
1.91666666667 0.768140180476 2.28983498829e-16 6.24500451352e-17 -0.21351725698 -0.034452309122 -0.438590473659 0.872273933913
1.95833333333 0.768140180476 2.28983498829e-16 6.24500451352e-17 -0.216351291078 -0.0313536156962 -0.431373350596 0.875286297178
2.0 0.768140180476 2.28983498829e-16 6.24500451352e-17 -0.219168923559 -0.0282529986897 -0.42412218917 0.878229537003
49
0 0.441451363264 0.356894971473 -0.242437008712 0.788176584514 0.591997808605 0.0246032039156 0.166466058368
0.0416666666667 0.441451363264 0.356894971473 -0.242437008712 0.788176584514 0.591997808605 0.0246032039156 0.166466058368
0.0833333333333 0.441451363264 0.356894971473 -0.242437008712 0.788176584514 0.591997808605 0.0246032039156 0.166466058368
0.125 0.441451363264 0.356894971473 -0.242437008712 0.788176584514 0.591997808605 0.0246032039156 0.166466058368
0.166666666667 0.441451363264 0.356894971473 -0.242437008712 0.788176584514 0.591997808605 0.0246032039156 0.166466058368
0.208333333333 0.441451363264 0.356894971473 -0.242437008712 0.788176584514 0.591997808605 0.0246032039156 0.166466058368
0.25 0.441451363264 0.356894971473 -0.242437008712 0.788176584514 0.591997808605 0.0246032039156 0.166466058368
0.291666666667 0.441451363264 0.356894971473 -0.242437008712 0.788176584514 0.591997808605 0.0246032039156 0.166466058368
0.333333333333 0.441451363264 0.356894971473 -0.242437008712 0.788176584514 0.591997808605 0.0246032039156 0.166466058368
0.375 0.441451363264 0.356894971473 -0.242437008712 0.788176584514 0.591997808605 0.0246032039156 0.166466058368
0.416666666667 0.441451363264 0.356894971473 -0.242437008712 0.788176584514 0.591997808605 0.0246032039156 0.166466058368
0.458333333333 0.441451363264 0.356894971473 -0.242437008712 0.788176584514 0.591997808605 0.0246032039156 0.166466058368
0.5 0.441451363264 0.356894971473 -0.242437008712 0.788176584514 0.591997808605 0.0246032039156 0.166466058368
0.541666666667 0.441451363264 0.356894971473 -0.242437008712 0.788176584514 0.591997808605 0.0246032039156 0.166466058368
0.583333333333 0.441451363264 0.356894971473 -0.242437008712 0.788176584514 0.591997808605 0.0246032039156 0.166466058368
0.625 0.441451363264 0.356894971473 -0.242437008712 0.788176584514 0.591997808605 0.0246032039156 0.166466058368
0.666666666667 0.441451363264 0.356894971473 -0.242437008712 0.788176584514 0.591997808605 0.0246032039156 0.166466058368
0.708333333333 0.441451363264 0.356894971473 -0.242437008712 0.788176584514 0.591997808605 0.0246032039156 0.166466058368
0.75 0.441451363264 0.356894971473 -0.242437008712 0.788176584514 0.591997808605 0.0246032039156 0.166466058368
0.791666666667 0.441451363264 0.356894971473 -0.242437008712 0.788176584514 0.591997808605 0.0246032039156 0.166466058368
0.833333333333 0.441451363264 0.356894971473 -0.242437008712 0.788176584514 0.591997808605 0.0246032039156 0.166466058368
0.875 0.441451363264 0.356894971473 -0.242437008712 0.788176584514 0.591997808605 0.0246032039156 0.166466058368
0.916666666667 0.441451363264 0.356894971473 -0.242437008712 0.788176584514 0.591997808605 0.0246032039156 0.166466058368
0.958333333333 0.441451363264 0.356894971473 -0.242437008712 0.788176584514 0.591997808605 0.0246032039156 0.166466058368
1.0 0.441451363264 0.356894971473 -0.242437008712 0.788176584514 0.591997808605 0.0246032039156 0.166466058368
1.04166666667 0.441451363264 0.356894971473 -0.242437008712 0.788176584514 0.591997808605 0.0246032039156 0.166466058368
1.08333333333 0.441451363264 0.356894971473 -0.242437008712 0.788176584514 0.591997808605 0.0246032039156 0.166466058368
1.125 0.441451363264 0.356894971473 -0.242437008712 0.788176584514 0.591997808605 0.0246032039156 0.166466058368
1.16666666667 0.441451363264 0.356894971473 -0.242437008712 0.788176584514 0.591997808605 0.0246032039156 0.166466058368
1.20833333333 0.441451363264 0.356894971473 -0.242437008712 0.788176584514 0.591997808605 0.0246032039156 0.166466058368
1.25 0.441451363264 0.356894971473 -0.242437008712 0.788176584514 0.591997808605 0.0246032039156 0.166466058368
1.29166666667 0.441451363264 0.356894971473 -0.242437008712 0.788176584514 0.591997808605 0.0246032039156 0.166466058368
1.33333333333 0.441451363264 0.356894971473 -0.242437008712 0.788176584514 0.591997808605 0.0246032039156 0.166466058368
1.375 0.441451363264 0.356894971473 -0.242437008712 0.788176584514 0.591997808605 0.0246032039156 0.166466058368
1.41666666667 0.441451363264 0.356894971473 -0.242437008712 0.788176584514 0.591997808605 0.0246032039156 0.166466058368
1.45833333333 0.441451363264 0.356894971473 -0.242437008712 0.788176584514 0.591997808605 0.0246032039156 0.166466058368
1.5 0.441451363264 0.356894971473 -0.242437008712 0.788176584514 0.591997808605 0.0246032039156 0.166466058368
1.54166666667 0.441451363264 0.356894971473 -0.242437008712 0.788176584514 0.591997808605 0.0246032039156 0.166466058368
1.58333333333 0.441451363264 0.356894971473 -0.242437008712 0.788176584514 0.591997808605 0.0246032039156 0.166466058368
1.625 0.441451363264 0.356894971473 -0.242437008712 0.788176584514 0.591997808605 0.0246032039156 0.166466058368
1.66666666667 0.441451363264 0.356894971473 -0.242437008712 0.788176584514 0.591997808605 0.0246032039156 0.166466058368
1.70833333333 0.441451363264 0.356894971473 -0.242437008712 0.788176584514 0.591997808605 0.0246032039156 0.166466058368
1.75 0.441451363264 0.356894971473 -0.242437008712 0.788176584514 0.591997808605 0.0246032039156 0.166466058368
1.79166666667 0.441451363264 0.356894971473 -0.242437008712 0.788176584514 0.591997808605 0.0246032039156 0.166466058368
1.83333333333 0.441451363264 0.356894971473 -0.242437008712 0.788176584514 0.591997808605 0.0246032039156 0.166466058368
1.875 0.441451363264 0.356894971473 -0.242437008712 0.788176584514 0.591997808605 0.0246032039156 0.166466058368
1.91666666667 0.441451363264 0.356894971473 -0.242437008712 0.788176584514 0.591997808605 0.0246032039156 0.166466058368
1.95833333333 0.441451363264 0.356894971473 -0.242437008712 0.788176584514 0.591997808605 0.0246032039156 0.166466058368
2.0 0.441451363264 0.356894971473 -0.242437008712 0.788176584514 0.591997808605 0.0246032039156 0.166466058368
49
0 1.24156761689 0.16996424061 -0.00947438048965 -0.332120493775 -0.0414673797666 0.00238889693347 0.942321987009
0.0416666666667 1.24156761689 0.16996424061 -0.00947438048965 -0.332120493775 -0.0414673797666 0.00238889693347 0.942321987009
0.0833333333333 1.24156761689 0.16996424061 -0.00947438048965 -0.332120493775 -0.0414673797666 0.00238889693347 0.942321987009
0.125 1.24156761689 0.16996424061 -0.00947438048965 -0.332120493775 -0.0414673797666 0.00238889693347 0.942321987009
0.166666666667 1.24156761689 0.16996424061 -0.00947438048965 -0.332120493775 -0.0414673797666 0.00238889693347 0.942321987009
0.208333333333 1.24156761689 0.16996424061 -0.00947438048965 -0.332120493775 -0.0414673797666 0.00238889693347 0.942321987009
0.25 1.24156761689 0.16996424061 -0.00947438048965 -0.332120493775 -0.0414673797666 0.00238889693347 0.942321987009
0.291666666667 1.24156761689 0.16996424061 -0.00947438048965 -0.332120493775 -0.0414673797666 0.00238889693347 0.942321987009
0.333333333333 1.24156761689 0.16996424061 -0.00947438048965 -0.332120493775 -0.0414673797666 0.00238889693347 0.942321987009
0.375 1.24156761689 0.16996424061 -0.00947438048965 -0.332120493775 -0.0414673797666 0.00238889693347 0.942321987009
0.416666666667 1.24156761689 0.16996424061 -0.00947438048965 -0.332120493775 -0.0414673797666 0.00238889693347 0.942321987009
0.458333333333 1.24156761689 0.16996424061 -0.00947438048965 -0.332120493775 -0.0414673797666 0.00238889693347 0.942321987009
0.5 1.24156761689 0.16996424061 -0.00947438048965 -0.332120493775 -0.0414673797666 0.00238889693347 0.942321987009
0.541666666667 1.24156761689 0.16996424061 -0.00947438048965 -0.332120493775 -0.0414673797666 0.00238889693347 0.942321987009
0.583333333333 1.24156761689 0.16996424061 -0.00947438048965 -0.332120493775 -0.0414673797666 0.00238889693347 0.942321987009
0.625 1.24156761689 0.16996424061 -0.00947438048965 -0.332120493775 -0.0414673797666 0.00238889693347 0.942321987009
0.666666666667 1.24156761689 0.16996424061 -0.00947438048965 -0.332120493775 -0.0414673797666 0.00238889693347 0.942321987009
0.708333333333 1.24156761689 0.16996424061 -0.00947438048965 -0.332120493775 -0.0414673797666 0.00238889693347 0.942321987009
0.75 1.24156761689 0.16996424061 -0.00947438048965 -0.332120493775 -0.0414673797666 0.00238889693347 0.942321987009
0.791666666667 1.24156761689 0.16996424061 -0.00947438048965 -0.332120493775 -0.0414673797666 0.00238889693347 0.942321987009
0.833333333333 1.24156761689 0.16996424061 -0.00947438048965 -0.332120493775 -0.0414673797666 0.00238889693347 0.942321987009
0.875 1.24156761689 0.16996424061 -0.00947438048965 -0.332120493775 -0.0414673797666 0.00238889693347 0.942321987009
0.916666666667 1.24156761689 0.16996424061 -0.00947438048965 -0.332120493775 -0.0414673797666 0.00238889693347 0.942321987009
0.958333333333 1.24156761689 0.16996424061 -0.00947438048965 -0.332120493775 -0.0414673797666 0.00238889693347 0.942321987009
1.0 1.24156761689 0.16996424061 -0.00947438048965 -0.332120493775 -0.0414673797666 0.00238889693347 0.942321987009
1.04166666667 1.24156761689 0.16996424061 -0.00947438048965 -0.332120493775 -0.0414673797666 0.00238889693347 0.942321987009
1.08333333333 1.24156761689 0.16996424061 -0.00947438048965 -0.332120493775 -0.0414673797666 0.00238889693347 0.942321987009
1.125 1.24156761689 0.16996424061 -0.00947438048965 -0.332120493775 -0.0414673797666 0.00238889693347 0.942321987009
1.16666666667 1.24156761689 0.16996424061 -0.00947438048965 -0.332120493775 -0.0414673797666 0.00238889693347 0.942321987009
1.20833333333 1.24156761689 0.16996424061 -0.00947438048965 -0.332120493775 -0.0414673797666 0.00238889693347 0.942321987009
1.25 1.24156761689 0.16996424061 -0.00947438048965 -0.332120493775 -0.0414673797666 0.00238889693347 0.942321987009
1.29166666667 1.24156761689 0.16996424061 -0.00947438048965 -0.332120493775 -0.0414673797666 0.00238889693347 0.942321987009
1.33333333333 1.24156761689 0.16996424061 -0.00947438048965 -0.332120493775 -0.0414673797666 0.00238889693347 0.942321987009
1.375 1.24156761689 0.16996424061 -0.00947438048965 -0.332120493775 -0.0414673797666 0.00238889693347 0.942321987009
1.41666666667 1.24156761689 0.16996424061 -0.00947438048965 -0.332120493775 -0.0414673797666 0.00238889693347 0.942321987009
1.45833333333 1.24156761689 0.16996424061 -0.00947438048965 -0.332120493775 -0.0414673797666 0.00238889693347 0.942321987009
1.5 1.24156761689 0.16996424061 -0.00947438048965 -0.332120493775 -0.0414673797666 0.00238889693347 0.942321987009
1.54166666667 1.24156761689 0.16996424061 -0.00947438048965 -0.332120493775 -0.0414673797666 0.00238889693347 0.942321987009
1.58333333333 1.24156761689 0.16996424061 -0.00947438048965 -0.332120493775 -0.0414673797666 0.00238889693347 0.942321987009
1.625 1.24156761689 0.16996424061 -0.00947438048965 -0.332120493775 -0.0414673797666 0.00238889693347 0.942321987009
1.66666666667 1.24156761689 0.16996424061 -0.00947438048965 -0.332120493775 -0.0414673797666 0.00238889693347 0.942321987009
1.70833333333 1.24156761689 0.16996424061 -0.00947438048965 -0.332120493775 -0.0414673797666 0.00238889693347 0.942321987009
1.75 1.24156761689 0.16996424061 -0.00947438048965 -0.332120493775 -0.0414673797666 0.00238889693347 0.942321987009
1.79166666667 1.24156761689 0.16996424061 -0.00947438048965 -0.332120493775 -0.0414673797666 0.00238889693347 0.942321987009
1.83333333333 1.24156761689 0.16996424061 -0.00947438048965 -0.332120493775 -0.0414673797666 0.00238889693347 0.942321987009
1.875 1.24156761689 0.16996424061 -0.00947438048965 -0.332120493775 -0.0414673797666 0.00238889693347 0.942321987009
1.91666666667 1.24156761689 0.16996424061 -0.00947438048965 -0.332120493775 -0.0414673797666 0.00238889693347 0.942321987009
1.95833333333 1.24156761689 0.16996424061 -0.00947438048965 -0.332120493775 -0.0414673797666 0.00238889693347 0.942321987009
2.0 1.24156761689 0.16996424061 -0.00947438048965 -0.332120493775 -0.0414673797666 0.00238889693347 0.942321987009
49
0 0.606021794385 -1.2203834601e-16 0.100509112361 0.0 0.0 -0.285080599816 0.958503548042
0.0416666666667 0.606021794385 -1.2203834601e-16 0.100509112361 0.0 0.0 -0.285080599816 0.958503548042
0.0833333333333 0.606021794385 -1.2203834601e-16 0.100509112361 0.0 0.0 -0.285080599816 0.958503548042
0.125 0.606021794385 -1.2203834601e-16 0.100509112361 0.0 0.0 -0.285080599816 0.958503548042
0.166666666667 0.606021794385 -1.2203834601e-16 0.100509112361 0.0 0.0 -0.285080599816 0.958503548042
0.208333333333 0.606021794385 -1.2203834601e-16 0.100509112361 0.0 0.0 -0.285080599816 0.958503548042
0.25 0.606021794385 -1.2203834601e-16 0.100509112361 0.0 0.0 -0.285080599816 0.958503548042
0.291666666667 0.606021794385 -1.2203834601e-16 0.100509112361 0.0 0.0 -0.285080599816 0.958503548042
0.333333333333 0.606021794385 -1.2203834601e-16 0.100509112361 0.0 0.0 -0.285080599816 0.958503548042
0.375 0.606021794385 -1.2203834601e-16 0.100509112361 0.0 0.0 -0.285080599816 0.958503548042
0.416666666667 0.606021794385 -1.2203834601e-16 0.100509112361 0.0 0.0 -0.285080599816 0.958503548042
0.458333333333 0.606021794385 -1.2203834601e-16 0.100509112361 0.0 0.0 -0.285080599816 0.958503548042
0.5 0.606021794385 -1.2203834601e-16 0.100509112361 0.0 0.0 -0.285080599816 0.958503548042
0.541666666667 0.606021794385 -1.2203834601e-16 0.100509112361 0.0 0.0 -0.285080599816 0.958503548042
0.583333333333 0.606021794385 -1.2203834601e-16 0.100509112361 0.0 0.0 -0.285080599816 0.958503548042
0.625 0.606021794385 -1.2203834601e-16 0.100509112361 0.0 0.0 -0.285080599816 0.958503548042
0.666666666667 0.606021794385 -1.2203834601e-16 0.100509112361 0.0 0.0 -0.285080599816 0.958503548042
0.708333333333 0.606021794385 -1.2203834601e-16 0.100509112361 0.0 0.0 -0.285080599816 0.958503548042
0.75 0.606021794385 -1.2203834601e-16 0.100509112361 0.0 0.0 -0.285080599816 0.958503548042
0.791666666667 0.606021794385 -1.2203834601e-16 0.100509112361 0.0 0.0 -0.285080599816 0.958503548042
0.833333333333 0.606021794385 -1.2203834601e-16 0.100509112361 0.0 0.0 -0.285080599816 0.958503548042
0.875 0.606021794385 -1.2203834601e-16 0.100509112361 0.0 0.0 -0.285080599816 0.958503548042
0.916666666667 0.606021794385 -1.2203834601e-16 0.100509112361 0.0 0.0 -0.285080599816 0.958503548042
0.958333333333 0.606021794385 -1.2203834601e-16 0.100509112361 0.0 0.0 -0.285080599816 0.958503548042
1.0 0.606021794385 -1.2203834601e-16 0.100509112361 0.0 0.0 -0.285080599816 0.958503548042
1.04166666667 0.606021794385 -1.2203834601e-16 0.100509112361 0.0 0.0 -0.285080599816 0.958503548042
1.08333333333 0.606021794385 -1.2203834601e-16 0.100509112361 0.0 0.0 -0.285080599816 0.958503548042
1.125 0.606021794385 -1.2203834601e-16 0.100509112361 0.0 0.0 -0.285080599816 0.958503548042
1.16666666667 0.606021794385 -1.2203834601e-16 0.100509112361 0.0 0.0 -0.285080599816 0.958503548042
1.20833333333 0.606021794385 -1.2203834601e-16 0.100509112361 0.0 0.0 -0.285080599816 0.958503548042
1.25 0.606021794385 -1.2203834601e-16 0.100509112361 0.0 0.0 -0.285080599816 0.958503548042
1.29166666667 0.606021794385 -1.2203834601e-16 0.100509112361 0.0 0.0 -0.285080599816 0.958503548042
1.33333333333 0.606021794385 -1.2203834601e-16 0.100509112361 0.0 0.0 -0.285080599816 0.958503548042
1.375 0.606021794385 -1.2203834601e-16 0.100509112361 0.0 0.0 -0.285080599816 0.958503548042
1.41666666667 0.606021794385 -1.2203834601e-16 0.100509112361 0.0 0.0 -0.285080599816 0.958503548042
1.45833333333 0.606021794385 -1.2203834601e-16 0.100509112361 0.0 0.0 -0.285080599816 0.958503548042
1.5 0.606021794385 -1.2203834601e-16 0.100509112361 0.0 0.0 -0.285080599816 0.958503548042
1.54166666667 0.606021794385 -1.2203834601e-16 0.100509112361 0.0 0.0 -0.285080599816 0.958503548042
1.58333333333 0.606021794385 -1.2203834601e-16 0.100509112361 0.0 0.0 -0.285080599816 0.958503548042
1.625 0.606021794385 -1.2203834601e-16 0.100509112361 0.0 0.0 -0.285080599816 0.958503548042
1.66666666667 0.606021794385 -1.2203834601e-16 0.100509112361 0.0 0.0 -0.285080599816 0.958503548042
1.70833333333 0.606021794385 -1.2203834601e-16 0.100509112361 0.0 0.0 -0.285080599816 0.958503548042
1.75 0.606021794385 -1.2203834601e-16 0.100509112361 0.0 0.0 -0.285080599816 0.958503548042
1.79166666667 0.606021794385 -1.2203834601e-16 0.100509112361 0.0 0.0 -0.285080599816 0.958503548042
1.83333333333 0.606021794385 -1.2203834601e-16 0.100509112361 0.0 0.0 -0.285080599816 0.958503548042
1.875 0.606021794385 -1.2203834601e-16 0.100509112361 0.0 0.0 -0.285080599816 0.958503548042
1.91666666667 0.606021794385 -1.2203834601e-16 0.100509112361 0.0 0.0 -0.285080599816 0.958503548042
1.95833333333 0.606021794385 -1.2203834601e-16 0.100509112361 0.0 0.0 -0.285080599816 0.958503548042
2.0 0.606021794385 -1.2203834601e-16 0.100509112361 0.0 0.0 -0.285080599816 0.958503548042
49
0 0.600464676369 -9.02515445757e-18 0.186545289688 0.0 0.0 -0.33457883965 0.942367762637
0.0416666666667 0.600464676369 -9.02515445757e-18 0.186545289688 0.0 0.0 -0.33457883965 0.942367762637
0.0833333333333 0.600464676369 -9.02515445757e-18 0.186545289688 0.0 0.0 -0.33457883965 0.942367762637
0.125 0.600464676369 -9.02515445757e-18 0.186545289688 0.0 0.0 -0.33457883965 0.942367762637
0.166666666667 0.600464676369 -9.02515445757e-18 0.186545289688 0.0 0.0 -0.33457883965 0.942367762637
0.208333333333 0.600464676369 -9.02515445757e-18 0.186545289688 0.0 0.0 -0.33457883965 0.942367762637
0.25 0.600464676369 -9.02515445757e-18 0.186545289688 0.0 0.0 -0.33457883965 0.942367762637
0.291666666667 0.600464676369 -9.02515445757e-18 0.186545289688 0.0 0.0 -0.33457883965 0.942367762637
0.333333333333 0.600464676369 -9.02515445757e-18 0.186545289688 0.0 0.0 -0.33457883965 0.942367762637
0.375 0.600464676369 -9.02515445757e-18 0.186545289688 0.0 0.0 -0.33457883965 0.942367762637
0.416666666667 0.600464676369 -9.02515445757e-18 0.186545289688 0.0 0.0 -0.33457883965 0.942367762637
0.458333333333 0.600464676369 -9.02515445757e-18 0.186545289688 0.0 0.0 -0.33457883965 0.942367762637
0.5 0.600464676369 -9.02515445757e-18 0.186545289688 0.0 0.0 -0.33457883965 0.942367762637
0.541666666667 0.600464676369 -9.02515445757e-18 0.186545289688 0.0 0.0 -0.33457883965 0.942367762637
0.583333333333 0.600464676369 -9.02515445757e-18 0.186545289688 0.0 0.0 -0.33457883965 0.942367762637
0.625 0.600464676369 -9.02515445757e-18 0.186545289688 0.0 0.0 -0.33457883965 0.942367762637
0.666666666667 0.600464676369 -9.02515445757e-18 0.186545289688 0.0 0.0 -0.33457883965 0.942367762637
0.708333333333 0.600464676369 -9.02515445757e-18 0.186545289688 0.0 0.0 -0.33457883965 0.942367762637
0.75 0.600464676369 -9.02515445757e-18 0.186545289688 0.0 0.0 -0.33457883965 0.942367762637
0.791666666667 0.600464676369 -9.02515445757e-18 0.186545289688 0.0 0.0 -0.33457883965 0.942367762637
0.833333333333 0.600464676369 -9.02515445757e-18 0.186545289688 0.0 0.0 -0.33457883965 0.942367762637
0.875 0.600464676369 -9.02515445757e-18 0.186545289688 0.0 0.0 -0.33457883965 0.942367762637
0.916666666667 0.600464676369 -9.02515445757e-18 0.186545289688 0.0 0.0 -0.33457883965 0.942367762637
0.958333333333 0.600464676369 -9.02515445757e-18 0.186545289688 0.0 0.0 -0.33457883965 0.942367762637
1.0 0.600464676369 -9.02515445757e-18 0.186545289688 0.0 0.0 -0.33457883965 0.942367762637
1.04166666667 0.600464676369 -9.02515445757e-18 0.186545289688 0.0 0.0 -0.33457883965 0.942367762637
1.08333333333 0.600464676369 -9.02515445757e-18 0.186545289688 0.0 0.0 -0.33457883965 0.942367762637
1.125 0.600464676369 -9.02515445757e-18 0.186545289688 0.0 0.0 -0.33457883965 0.942367762637
1.16666666667 0.600464676369 -9.02515445757e-18 0.186545289688 0.0 0.0 -0.33457883965 0.942367762637
1.20833333333 0.600464676369 -9.02515445757e-18 0.186545289688 0.0 0.0 -0.33457883965 0.942367762637
1.25 0.600464676369 -9.02515445757e-18 0.186545289688 0.0 0.0 -0.33457883965 0.942367762637
1.29166666667 0.600464676369 -9.02515445757e-18 0.186545289688 0.0 0.0 -0.33457883965 0.942367762637
1.33333333333 0.600464676369 -9.02515445757e-18 0.186545289688 0.0 0.0 -0.33457883965 0.942367762637
1.375 0.600464676369 -9.02515445757e-18 0.186545289688 0.0 0.0 -0.33457883965 0.942367762637
1.41666666667 0.600464676369 -9.02515445757e-18 0.186545289688 0.0 0.0 -0.33457883965 0.942367762637
1.45833333333 0.600464676369 -9.02515445757e-18 0.186545289688 0.0 0.0 -0.33457883965 0.942367762637
1.5 0.600464676369 -9.02515445757e-18 0.186545289688 0.0 0.0 -0.33457883965 0.942367762637
1.54166666667 0.600464676369 -9.02515445757e-18 0.186545289688 0.0 0.0 -0.33457883965 0.942367762637
1.58333333333 0.600464676369 -9.02515445757e-18 0.186545289688 0.0 0.0 -0.33457883965 0.942367762637
1.625 0.600464676369 -9.02515445757e-18 0.186545289688 0.0 0.0 -0.33457883965 0.942367762637
1.66666666667 0.600464676369 -9.02515445757e-18 0.186545289688 0.0 0.0 -0.33457883965 0.942367762637
1.70833333333 0.600464676369 -9.02515445757e-18 0.186545289688 0.0 0.0 -0.33457883965 0.942367762637
1.75 0.600464676369 -9.02515445757e-18 0.186545289688 0.0 0.0 -0.33457883965 0.942367762637
1.79166666667 0.600464676369 -9.02515445757e-18 0.186545289688 0.0 0.0 -0.33457883965 0.942367762637
1.83333333333 0.600464676369 -9.02515445757e-18 0.186545289688 0.0 0.0 -0.33457883965 0.942367762637
1.875 0.600464676369 -9.02515445757e-18 0.186545289688 0.0 0.0 -0.33457883965 0.942367762637
1.91666666667 0.600464676369 -9.02515445757e-18 0.186545289688 0.0 0.0 -0.33457883965 0.942367762637
1.95833333333 0.600464676369 -9.02515445757e-18 0.186545289688 0.0 0.0 -0.33457883965 0.942367762637
2.0 0.600464676369 -9.02515445757e-18 0.186545289688 0.0 0.0 -0.33457883965 0.942367762637
49
0 1.12590074347 -1.09156359772e-16 -0.0136111112489 0.0 0.0 0.402011485578 0.915634624435
0.0416666666667 1.12590074347 -1.09156359772e-16 -0.0136111112489 0.0 0.0 0.402011485578 0.915634624435
0.0833333333333 1.12590074347 -1.09156359772e-16 -0.0136111112489 0.0 0.0 0.402011485578 0.915634624435
0.125 1.12590074347 -1.09156359772e-16 -0.0136111112489 0.0 0.0 0.402011485578 0.915634624435
0.166666666667 1.12590074347 -1.09156359772e-16 -0.0136111112489 0.0 0.0 0.402011485578 0.915634624435
0.208333333333 1.12590074347 -1.09156359772e-16 -0.0136111112489 0.0 0.0 0.402011485578 0.915634624435
0.25 1.12590074347 -1.09156359772e-16 -0.0136111112489 0.0 0.0 0.402011485578 0.915634624435
0.291666666667 1.12590074347 -1.09156359772e-16 -0.0136111112489 0.0 0.0 0.402011485578 0.915634624435
0.333333333333 1.12590074347 -1.09156359772e-16 -0.0136111112489 0.0 0.0 0.402011485578 0.915634624435
0.375 1.12590074347 -1.09156359772e-16 -0.0136111112489 0.0 0.0 0.402011485578 0.915634624435
0.416666666667 1.12590074347 -1.09156359772e-16 -0.0136111112489 0.0 0.0 0.402011485578 0.915634624435
0.458333333333 1.12590074347 -1.09156359772e-16 -0.0136111112489 0.0 0.0 0.402011485578 0.915634624435
0.5 1.12590074347 -1.09156359772e-16 -0.0136111112489 0.0 0.0 0.402011485578 0.915634624435
0.541666666667 1.12590074347 -1.09156359772e-16 -0.0136111112489 0.0 0.0 0.402011485578 0.915634624435
0.583333333333 1.12590074347 -1.09156359772e-16 -0.0136111112489 0.0 0.0 0.402011485578 0.915634624435
0.625 1.12590074347 -1.09156359772e-16 -0.0136111112489 0.0 0.0 0.402011485578 0.915634624435
0.666666666667 1.12590074347 -1.09156359772e-16 -0.0136111112489 0.0 0.0 0.402011485578 0.915634624435
0.708333333333 1.12590074347 -1.09156359772e-16 -0.0136111112489 0.0 0.0 0.402011485578 0.915634624435
0.75 1.12590074347 -1.09156359772e-16 -0.0136111112489 0.0 0.0 0.402011485578 0.915634624435
0.791666666667 1.12590074347 -1.09156359772e-16 -0.0136111112489 0.0 0.0 0.402011485578 0.915634624435
0.833333333333 1.12590074347 -1.09156359772e-16 -0.0136111112489 0.0 0.0 0.402011485578 0.915634624435
0.875 1.12590074347 -1.09156359772e-16 -0.0136111112489 0.0 0.0 0.402011485578 0.915634624435
0.916666666667 1.12590074347 -1.09156359772e-16 -0.0136111112489 0.0 0.0 0.402011485578 0.915634624435
0.958333333333 1.12590074347 -1.09156359772e-16 -0.0136111112489 0.0 0.0 0.402011485578 0.915634624435
1.0 1.12590074347 -1.09156359772e-16 -0.0136111112489 0.0 0.0 0.402011485578 0.915634624435
1.04166666667 1.12590074347 -1.09156359772e-16 -0.0136111112489 0.0 0.0 0.402011485578 0.915634624435
1.08333333333 1.12590074347 -1.09156359772e-16 -0.0136111112489 0.0 0.0 0.402011485578 0.915634624435
1.125 1.12590074347 -1.09156359772e-16 -0.0136111112489 0.0 0.0 0.402011485578 0.915634624435
1.16666666667 1.12590074347 -1.09156359772e-16 -0.0136111112489 0.0 0.0 0.402011485578 0.915634624435
1.20833333333 1.12590074347 -1.09156359772e-16 -0.0136111112489 0.0 0.0 0.402011485578 0.915634624435
1.25 1.12590074347 -1.09156359772e-16 -0.0136111112489 0.0 0.0 0.402011485578 0.915634624435
1.29166666667 1.12590074347 -1.09156359772e-16 -0.0136111112489 0.0 0.0 0.402011485578 0.915634624435
1.33333333333 1.12590074347 -1.09156359772e-16 -0.0136111112489 0.0 0.0 0.402011485578 0.915634624435
1.375 1.12590074347 -1.09156359772e-16 -0.0136111112489 0.0 0.0 0.402011485578 0.915634624435
1.41666666667 1.12590074347 -1.09156359772e-16 -0.0136111112489 0.0 0.0 0.402011485578 0.915634624435
1.45833333333 1.12590074347 -1.09156359772e-16 -0.0136111112489 0.0 0.0 0.402011485578 0.915634624435
1.5 1.12590074347 -1.09156359772e-16 -0.0136111112489 0.0 0.0 0.402011485578 0.915634624435
1.54166666667 1.12590074347 -1.09156359772e-16 -0.0136111112489 0.0 0.0 0.402011485578 0.915634624435
1.58333333333 1.12590074347 -1.09156359772e-16 -0.0136111112489 0.0 0.0 0.402011485578 0.915634624435
1.625 1.12590074347 -1.09156359772e-16 -0.0136111112489 0.0 0.0 0.402011485578 0.915634624435
1.66666666667 1.12590074347 -1.09156359772e-16 -0.0136111112489 0.0 0.0 0.402011485578 0.915634624435
1.70833333333 1.12590074347 -1.09156359772e-16 -0.0136111112489 0.0 0.0 0.402011485578 0.915634624435
1.75 1.12590074347 -1.09156359772e-16 -0.0136111112489 0.0 0.0 0.402011485578 0.915634624435
1.79166666667 1.12590074347 -1.09156359772e-16 -0.0136111112489 0.0 0.0 0.402011485578 0.915634624435
1.83333333333 1.12590074347 -1.09156359772e-16 -0.0136111112489 0.0 0.0 0.402011485578 0.915634624435
1.875 1.12590074347 -1.09156359772e-16 -0.0136111112489 0.0 0.0 0.402011485578 0.915634624435
1.91666666667 1.12590074347 -1.09156359772e-16 -0.0136111112489 0.0 0.0 0.402011485578 0.915634624435
1.95833333333 1.12590074347 -1.09156359772e-16 -0.0136111112489 0.0 0.0 0.402011485578 0.915634624435
2.0 1.12590074347 -1.09156359772e-16 -0.0136111112489 0.0 0.0 0.402011485578 0.915634624435
49
0 1.04560170537 2.60065617157e-16 0.074013957511 0.818380524486 0.574676706628 -3.51887994659e-17 -5.01113544898e-17
0.0416666666667 1.04560170537 2.60065617157e-16 0.074013957511 0.818380524486 0.574676706628 -3.51887994659e-17 -5.01113544898e-17
0.0833333333333 1.04560170537 2.60065617157e-16 0.074013957511 0.818380524486 0.574676706628 -3.51887994659e-17 -5.01113544898e-17
0.125 1.04560170537 2.60065617157e-16 0.074013957511 0.818380524486 0.574676706628 -3.51887994659e-17 -5.01113544898e-17
0.166666666667 1.04560170537 2.60065617157e-16 0.074013957511 0.818380524486 0.574676706628 -3.51887994659e-17 -5.01113544898e-17
0.208333333333 1.04560170537 2.60065617157e-16 0.074013957511 0.818380524486 0.574676706628 -3.51887994659e-17 -5.01113544898e-17
0.25 1.04560170537 2.60065617157e-16 0.074013957511 0.818380524486 0.574676706628 -3.51887994659e-17 -5.01113544898e-17
0.291666666667 1.04560170537 2.60065617157e-16 0.074013957511 0.818380524486 0.574676706628 -3.51887994659e-17 -5.01113544898e-17
0.333333333333 1.04560170537 2.60065617157e-16 0.074013957511 0.818380524486 0.574676706628 -3.51887994659e-17 -5.01113544898e-17
0.375 1.04560170537 2.60065617157e-16 0.074013957511 0.818380524486 0.574676706628 -3.51887994659e-17 -5.01113544898e-17
0.416666666667 1.04560170537 2.60065617157e-16 0.074013957511 0.818380524486 0.574676706628 -3.51887994659e-17 -5.01113544898e-17
0.458333333333 1.04560170537 2.60065617157e-16 0.074013957511 0.818380524486 0.574676706628 -3.51887994659e-17 -5.01113544898e-17
0.5 1.04560170537 2.60065617157e-16 0.074013957511 0.818380524486 0.574676706628 -3.51887994659e-17 -5.01113544898e-17
0.541666666667 1.04560170537 2.60065617157e-16 0.074013957511 0.818380524486 0.574676706628 -3.51887994659e-17 -5.01113544898e-17
0.583333333333 1.04560170537 2.60065617157e-16 0.074013957511 0.818380524486 0.574676706628 -3.51887994659e-17 -5.01113544898e-17
0.625 1.04560170537 2.60065617157e-16 0.074013957511 0.818380524486 0.574676706628 -3.51887994659e-17 -5.01113544898e-17
0.666666666667 1.04560170537 2.60065617157e-16 0.074013957511 0.818380524486 0.574676706628 -3.51887994659e-17 -5.01113544898e-17
0.708333333333 1.04560170537 2.60065617157e-16 0.074013957511 0.818380524486 0.574676706628 -3.51887994659e-17 -5.01113544898e-17
0.75 1.04560170537 2.60065617157e-16 0.074013957511 0.818380524486 0.574676706628 -3.51887994659e-17 -5.01113544898e-17
0.791666666667 1.04560170537 2.60065617157e-16 0.074013957511 0.818380524486 0.574676706628 -3.51887994659e-17 -5.01113544898e-17
0.833333333333 1.04560170537 2.60065617157e-16 0.074013957511 0.818380524486 0.574676706628 -3.51887994659e-17 -5.01113544898e-17
0.875 1.04560170537 2.60065617157e-16 0.074013957511 0.818380524486 0.574676706628 -3.51887994659e-17 -5.01113544898e-17
0.916666666667 1.04560170537 2.60065617157e-16 0.074013957511 0.818380524486 0.574676706628 -3.51887994659e-17 -5.01113544898e-17
0.958333333333 1.04560170537 2.60065617157e-16 0.074013957511 0.818380524486 0.574676706628 -3.51887994659e-17 -5.01113544898e-17
1.0 1.04560170537 2.60065617157e-16 0.074013957511 0.818380524486 0.574676706628 -3.51887994659e-17 -5.01113544898e-17
1.04166666667 1.04560170537 2.60065617157e-16 0.074013957511 0.818380524486 0.574676706628 -3.51887994659e-17 -5.01113544898e-17
1.08333333333 1.04560170537 2.60065617157e-16 0.074013957511 0.818380524486 0.574676706628 -3.51887994659e-17 -5.01113544898e-17
1.125 1.04560170537 2.60065617157e-16 0.074013957511 0.818380524486 0.574676706628 -3.51887994659e-17 -5.01113544898e-17
1.16666666667 1.04560170537 2.60065617157e-16 0.074013957511 0.818380524486 0.574676706628 -3.51887994659e-17 -5.01113544898e-17
1.20833333333 1.04560170537 2.60065617157e-16 0.074013957511 0.818380524486 0.574676706628 -3.51887994659e-17 -5.01113544898e-17
1.25 1.04560170537 2.60065617157e-16 0.074013957511 0.818380524486 0.574676706628 -3.51887994659e-17 -5.01113544898e-17
1.29166666667 1.04560170537 2.60065617157e-16 0.074013957511 0.818380524486 0.574676706628 -3.51887994659e-17 -5.01113544898e-17
1.33333333333 1.04560170537 2.60065617157e-16 0.074013957511 0.818380524486 0.574676706628 -3.51887994659e-17 -5.01113544898e-17
1.375 1.04560170537 2.60065617157e-16 0.074013957511 0.818380524486 0.574676706628 -3.51887994659e-17 -5.01113544898e-17
1.41666666667 1.04560170537 2.60065617157e-16 0.074013957511 0.818380524486 0.574676706628 -3.51887994659e-17 -5.01113544898e-17
1.45833333333 1.04560170537 2.60065617157e-16 0.074013957511 0.818380524486 0.574676706628 -3.51887994659e-17 -5.01113544898e-17
1.5 1.04560170537 2.60065617157e-16 0.074013957511 0.818380524486 0.574676706628 -3.51887994659e-17 -5.01113544898e-17
1.54166666667 1.04560170537 2.60065617157e-16 0.074013957511 0.818380524486 0.574676706628 -3.51887994659e-17 -5.01113544898e-17
1.58333333333 1.04560170537 2.60065617157e-16 0.074013957511 0.818380524486 0.574676706628 -3.51887994659e-17 -5.01113544898e-17
1.625 1.04560170537 2.60065617157e-16 0.074013957511 0.818380524486 0.574676706628 -3.51887994659e-17 -5.01113544898e-17
1.66666666667 1.04560170537 2.60065617157e-16 0.074013957511 0.818380524486 0.574676706628 -3.51887994659e-17 -5.01113544898e-17
1.70833333333 1.04560170537 2.60065617157e-16 0.074013957511 0.818380524486 0.574676706628 -3.51887994659e-17 -5.01113544898e-17
1.75 1.04560170537 2.60065617157e-16 0.074013957511 0.818380524486 0.574676706628 -3.51887994659e-17 -5.01113544898e-17
1.79166666667 1.04560170537 2.60065617157e-16 0.074013957511 0.818380524486 0.574676706628 -3.51887994659e-17 -5.01113544898e-17
1.83333333333 1.04560170537 2.60065617157e-16 0.074013957511 0.818380524486 0.574676706628 -3.51887994659e-17 -5.01113544898e-17
1.875 1.04560170537 2.60065617157e-16 0.074013957511 0.818380524486 0.574676706628 -3.51887994659e-17 -5.01113544898e-17
1.91666666667 1.04560170537 2.60065617157e-16 0.074013957511 0.818380524486 0.574676706628 -3.51887994659e-17 -5.01113544898e-17
1.95833333333 1.04560170537 2.60065617157e-16 0.074013957511 0.818380524486 0.574676706628 -3.51887994659e-17 -5.01113544898e-17
2.0 1.04560170537 2.60065617157e-16 0.074013957511 0.818380524486 0.574676706628 -3.51887994659e-17 -5.01113544898e-17
49
0 1.4566116649 3.2983210315e-17 0.0463979976898 0.0 0.0 -0.186105936008 0.982529684326
0.0416666666667 1.4566116649 3.2983210315e-17 0.0463979976898 0.0 0.0 -0.186105936008 0.982529684326
0.0833333333333 1.4566116649 3.2983210315e-17 0.0463979976898 0.0 0.0 -0.186105936008 0.982529684326
0.125 1.4566116649 3.2983210315e-17 0.0463979976898 0.0 0.0 -0.186105936008 0.982529684326
0.166666666667 1.4566116649 3.2983210315e-17 0.0463979976898 0.0 0.0 -0.186105936008 0.982529684326
0.208333333333 1.4566116649 3.2983210315e-17 0.0463979976898 0.0 0.0 -0.186105936008 0.982529684326
0.25 1.4566116649 3.2983210315e-17 0.0463979976898 0.0 0.0 -0.186105936008 0.982529684326
0.291666666667 1.4566116649 3.2983210315e-17 0.0463979976898 0.0 0.0 -0.186105936008 0.982529684326
0.333333333333 1.4566116649 3.2983210315e-17 0.0463979976898 0.0 0.0 -0.186105936008 0.982529684326
0.375 1.4566116649 3.2983210315e-17 0.0463979976898 0.0 0.0 -0.186105936008 0.982529684326
0.416666666667 1.4566116649 3.2983210315e-17 0.0463979976898 0.0 0.0 -0.186105936008 0.982529684326
0.458333333333 1.4566116649 3.2983210315e-17 0.0463979976898 0.0 0.0 -0.186105936008 0.982529684326
0.5 1.4566116649 3.2983210315e-17 0.0463979976898 0.0 0.0 -0.186105936008 0.982529684326
0.541666666667 1.4566116649 3.2983210315e-17 0.0463979976898 0.0 0.0 -0.186105936008 0.982529684326
0.583333333333 1.4566116649 3.2983210315e-17 0.0463979976898 0.0 0.0 -0.186105936008 0.982529684326
0.625 1.4566116649 3.2983210315e-17 0.0463979976898 0.0 0.0 -0.186105936008 0.982529684326
0.666666666667 1.4566116649 3.2983210315e-17 0.0463979976898 0.0 0.0 -0.186105936008 0.982529684326
0.708333333333 1.4566116649 3.2983210315e-17 0.0463979976898 0.0 0.0 -0.186105936008 0.982529684326
0.75 1.4566116649 3.2983210315e-17 0.0463979976898 0.0 0.0 -0.186105936008 0.982529684326
0.791666666667 1.4566116649 3.2983210315e-17 0.0463979976898 0.0 0.0 -0.186105936008 0.982529684326
0.833333333333 1.4566116649 3.2983210315e-17 0.0463979976898 0.0 0.0 -0.186105936008 0.982529684326
0.875 1.4566116649 3.2983210315e-17 0.0463979976898 0.0 0.0 -0.186105936008 0.982529684326
0.916666666667 1.4566116649 3.2983210315e-17 0.0463979976898 0.0 0.0 -0.186105936008 0.982529684326
0.958333333333 1.4566116649 3.2983210315e-17 0.0463979976898 0.0 0.0 -0.186105936008 0.982529684326
1.0 1.4566116649 3.2983210315e-17 0.0463979976898 0.0 0.0 -0.186105936008 0.982529684326
1.04166666667 1.4566116649 3.2983210315e-17 0.0463979976898 0.0 0.0 -0.186105936008 0.982529684326
1.08333333333 1.4566116649 3.2983210315e-17 0.0463979976898 0.0 0.0 -0.186105936008 0.982529684326
1.125 1.4566116649 3.2983210315e-17 0.0463979976898 0.0 0.0 -0.186105936008 0.982529684326
1.16666666667 1.4566116649 3.2983210315e-17 0.0463979976898 0.0 0.0 -0.186105936008 0.982529684326
1.20833333333 1.4566116649 3.2983210315e-17 0.0463979976898 0.0 0.0 -0.186105936008 0.982529684326
1.25 1.4566116649 3.2983210315e-17 0.0463979976898 0.0 0.0 -0.186105936008 0.982529684326
1.29166666667 1.4566116649 3.2983210315e-17 0.0463979976898 0.0 0.0 -0.186105936008 0.982529684326
1.33333333333 1.4566116649 3.2983210315e-17 0.0463979976898 0.0 0.0 -0.186105936008 0.982529684326
1.375 1.4566116649 3.2983210315e-17 0.0463979976898 0.0 0.0 -0.186105936008 0.982529684326
1.41666666667 1.4566116649 3.2983210315e-17 0.0463979976898 0.0 0.0 -0.186105936008 0.982529684326
1.45833333333 1.4566116649 3.2983210315e-17 0.0463979976898 0.0 0.0 -0.186105936008 0.982529684326
1.5 1.4566116649 3.2983210315e-17 0.0463979976898 0.0 0.0 -0.186105936008 0.982529684326
1.54166666667 1.4566116649 3.2983210315e-17 0.0463979976898 0.0 0.0 -0.186105936008 0.982529684326
1.58333333333 1.4566116649 3.2983210315e-17 0.0463979976898 0.0 0.0 -0.186105936008 0.982529684326
1.625 1.4566116649 3.2983210315e-17 0.0463979976898 0.0 0.0 -0.186105936008 0.982529684326
1.66666666667 1.4566116649 3.2983210315e-17 0.0463979976898 0.0 0.0 -0.186105936008 0.982529684326
1.70833333333 1.4566116649 3.2983210315e-17 0.0463979976898 0.0 0.0 -0.186105936008 0.982529684326
1.75 1.4566116649 3.2983210315e-17 0.0463979976898 0.0 0.0 -0.186105936008 0.982529684326
1.79166666667 1.4566116649 3.2983210315e-17 0.0463979976898 0.0 0.0 -0.186105936008 0.982529684326
1.83333333333 1.4566116649 3.2983210315e-17 0.0463979976898 0.0 0.0 -0.186105936008 0.982529684326
1.875 1.4566116649 3.2983210315e-17 0.0463979976898 0.0 0.0 -0.186105936008 0.982529684326
1.91666666667 1.4566116649 3.2983210315e-17 0.0463979976898 0.0 0.0 -0.186105936008 0.982529684326
1.95833333333 1.4566116649 3.2983210315e-17 0.0463979976898 0.0 0.0 -0.186105936008 0.982529684326
2.0 1.4566116649 3.2983210315e-17 0.0463979976898 0.0 0.0 -0.186105936008 0.982529684326
49
0 0.930315955468 1.26027477801e-16 0.0386573509083 0.724596595097 0.68917325425 -4.21996909938e-17 -4.43687450429e-17
0.0416666666667 0.930315955468 1.26027477801e-16 0.0386573509083 0.724596595097 0.68917325425 -4.21996909938e-17 -4.43687450429e-17
0.0833333333333 0.930315955468 1.26027477801e-16 0.0386573509083 0.724596595097 0.68917325425 -4.21996909938e-17 -4.43687450429e-17
0.125 0.930315955468 1.26027477801e-16 0.0386573509083 0.724596595097 0.68917325425 -4.21996909938e-17 -4.43687450429e-17
0.166666666667 0.930315955468 1.26027477801e-16 0.0386573509083 0.724596595097 0.68917325425 -4.21996909938e-17 -4.43687450429e-17
0.208333333333 0.930315955468 1.26027477801e-16 0.0386573509083 0.724596595097 0.68917325425 -4.21996909938e-17 -4.43687450429e-17
0.25 0.930315955468 1.26027477801e-16 0.0386573509083 0.724596595097 0.68917325425 -4.21996909938e-17 -4.43687450429e-17
0.291666666667 0.930315955468 1.26027477801e-16 0.0386573509083 0.724596595097 0.68917325425 -4.21996909938e-17 -4.43687450429e-17
0.333333333333 0.930315955468 1.26027477801e-16 0.0386573509083 0.724596595097 0.68917325425 -4.21996909938e-17 -4.43687450429e-17
0.375 0.930315955468 1.26027477801e-16 0.0386573509083 0.724596595097 0.68917325425 -4.21996909938e-17 -4.43687450429e-17
0.416666666667 0.930315955468 1.26027477801e-16 0.0386573509083 0.724596595097 0.68917325425 -4.21996909938e-17 -4.43687450429e-17
0.458333333333 0.930315955468 1.26027477801e-16 0.0386573509083 0.724596595097 0.68917325425 -4.21996909938e-17 -4.43687450429e-17
0.5 0.930315955468 1.26027477801e-16 0.0386573509083 0.724596595097 0.68917325425 -4.21996909938e-17 -4.43687450429e-17
0.541666666667 0.930315955468 1.26027477801e-16 0.0386573509083 0.724596595097 0.68917325425 -4.21996909938e-17 -4.43687450429e-17
0.583333333333 0.930315955468 1.26027477801e-16 0.0386573509083 0.724596595097 0.68917325425 -4.21996909938e-17 -4.43687450429e-17
0.625 0.930315955468 1.26027477801e-16 0.0386573509083 0.724596595097 0.68917325425 -4.21996909938e-17 -4.43687450429e-17
0.666666666667 0.930315955468 1.26027477801e-16 0.0386573509083 0.724596595097 0.68917325425 -4.21996909938e-17 -4.43687450429e-17
0.708333333333 0.930315955468 1.26027477801e-16 0.0386573509083 0.724596595097 0.68917325425 -4.21996909938e-17 -4.43687450429e-17
0.75 0.930315955468 1.26027477801e-16 0.0386573509083 0.724596595097 0.68917325425 -4.21996909938e-17 -4.43687450429e-17
0.791666666667 0.930315955468 1.26027477801e-16 0.0386573509083 0.724596595097 0.68917325425 -4.21996909938e-17 -4.43687450429e-17
0.833333333333 0.930315955468 1.26027477801e-16 0.0386573509083 0.724596595097 0.68917325425 -4.21996909938e-17 -4.43687450429e-17
0.875 0.930315955468 1.26027477801e-16 0.0386573509083 0.724596595097 0.68917325425 -4.21996909938e-17 -4.43687450429e-17
0.916666666667 0.930315955468 1.26027477801e-16 0.0386573509083 0.724596595097 0.68917325425 -4.21996909938e-17 -4.43687450429e-17
0.958333333333 0.930315955468 1.26027477801e-16 0.0386573509083 0.724596595097 0.68917325425 -4.21996909938e-17 -4.43687450429e-17
1.0 0.930315955468 1.26027477801e-16 0.0386573509083 0.724596595097 0.68917325425 -4.21996909938e-17 -4.43687450429e-17
1.04166666667 0.930315955468 1.26027477801e-16 0.0386573509083 0.724596595097 0.68917325425 -4.21996909938e-17 -4.43687450429e-17
1.08333333333 0.930315955468 1.26027477801e-16 0.0386573509083 0.724596595097 0.68917325425 -4.21996909938e-17 -4.43687450429e-17
1.125 0.930315955468 1.26027477801e-16 0.0386573509083 0.724596595097 0.68917325425 -4.21996909938e-17 -4.43687450429e-17
1.16666666667 0.930315955468 1.26027477801e-16 0.0386573509083 0.724596595097 0.68917325425 -4.21996909938e-17 -4.43687450429e-17
1.20833333333 0.930315955468 1.26027477801e-16 0.0386573509083 0.724596595097 0.68917325425 -4.21996909938e-17 -4.43687450429e-17
1.25 0.930315955468 1.26027477801e-16 0.0386573509083 0.724596595097 0.68917325425 -4.21996909938e-17 -4.43687450429e-17
1.29166666667 0.930315955468 1.26027477801e-16 0.0386573509083 0.724596595097 0.68917325425 -4.21996909938e-17 -4.43687450429e-17
1.33333333333 0.930315955468 1.26027477801e-16 0.0386573509083 0.724596595097 0.68917325425 -4.21996909938e-17 -4.43687450429e-17
1.375 0.930315955468 1.26027477801e-16 0.0386573509083 0.724596595097 0.68917325425 -4.21996909938e-17 -4.43687450429e-17
1.41666666667 0.930315955468 1.26027477801e-16 0.0386573509083 0.724596595097 0.68917325425 -4.21996909938e-17 -4.43687450429e-17
1.45833333333 0.930315955468 1.26027477801e-16 0.0386573509083 0.724596595097 0.68917325425 -4.21996909938e-17 -4.43687450429e-17
1.5 0.930315955468 1.26027477801e-16 0.0386573509083 0.724596595097 0.68917325425 -4.21996909938e-17 -4.43687450429e-17
1.54166666667 0.930315955468 1.26027477801e-16 0.0386573509083 0.724596595097 0.68917325425 -4.21996909938e-17 -4.43687450429e-17
1.58333333333 0.930315955468 1.26027477801e-16 0.0386573509083 0.724596595097 0.68917325425 -4.21996909938e-17 -4.43687450429e-17
1.625 0.930315955468 1.26027477801e-16 0.0386573509083 0.724596595097 0.68917325425 -4.21996909938e-17 -4.43687450429e-17
1.66666666667 0.930315955468 1.26027477801e-16 0.0386573509083 0.724596595097 0.68917325425 -4.21996909938e-17 -4.43687450429e-17
1.70833333333 0.930315955468 1.26027477801e-16 0.0386573509083 0.724596595097 0.68917325425 -4.21996909938e-17 -4.43687450429e-17
1.75 0.930315955468 1.26027477801e-16 0.0386573509083 0.724596595097 0.68917325425 -4.21996909938e-17 -4.43687450429e-17
1.79166666667 0.930315955468 1.26027477801e-16 0.0386573509083 0.724596595097 0.68917325425 -4.21996909938e-17 -4.43687450429e-17
1.83333333333 0.930315955468 1.26027477801e-16 0.0386573509083 0.724596595097 0.68917325425 -4.21996909938e-17 -4.43687450429e-17
1.875 0.930315955468 1.26027477801e-16 0.0386573509083 0.724596595097 0.68917325425 -4.21996909938e-17 -4.43687450429e-17
1.91666666667 0.930315955468 1.26027477801e-16 0.0386573509083 0.724596595097 0.68917325425 -4.21996909938e-17 -4.43687450429e-17
1.95833333333 0.930315955468 1.26027477801e-16 0.0386573509083 0.724596595097 0.68917325425 -4.21996909938e-17 -4.43687450429e-17
2.0 0.930315955468 1.26027477801e-16 0.0386573509083 0.724596595097 0.68917325425 -4.21996909938e-17 -4.43687450429e-17
49
0 0.720226701126 1.98194183149e-16 0.505226826238 0.0 0.0 0.554311599665 0.832309227677
0.0416666666667 0.720226701126 1.98194183149e-16 0.505226826238 0.0 0.0 0.554311599665 0.832309227677
0.0833333333333 0.720226701126 1.98194183149e-16 0.505226826238 0.0 0.0 0.554311599665 0.832309227677
0.125 0.720226701126 1.98194183149e-16 0.505226826238 0.0 0.0 0.554311599665 0.832309227677
0.166666666667 0.720226701126 1.98194183149e-16 0.505226826238 0.0 0.0 0.554311599665 0.832309227677
0.208333333333 0.720226701126 1.98194183149e-16 0.505226826238 0.0 0.0 0.554311599665 0.832309227677
0.25 0.720226701126 1.98194183149e-16 0.505226826238 0.0 0.0 0.554311599665 0.832309227677
0.291666666667 0.720226701126 1.98194183149e-16 0.505226826238 0.0 0.0 0.554311599665 0.832309227677
0.333333333333 0.720226701126 1.98194183149e-16 0.505226826238 0.0 0.0 0.554311599665 0.832309227677
0.375 0.720226701126 1.98194183149e-16 0.505226826238 0.0 0.0 0.554311599665 0.832309227677
0.416666666667 0.720226701126 1.98194183149e-16 0.505226826238 0.0 0.0 0.554311599665 0.832309227677
0.458333333333 0.720226701126 1.98194183149e-16 0.505226826238 0.0 0.0 0.554311599665 0.832309227677
0.5 0.720226701126 1.98194183149e-16 0.505226826238 0.0 0.0 0.554311599665 0.832309227677
0.541666666667 0.720226701126 1.98194183149e-16 0.505226826238 0.0 0.0 0.554311599665 0.832309227677
0.583333333333 0.720226701126 1.98194183149e-16 0.505226826238 0.0 0.0 0.554311599665 0.832309227677
0.625 0.720226701126 1.98194183149e-16 0.505226826238 0.0 0.0 0.554311599665 0.832309227677
0.666666666667 0.720226701126 1.98194183149e-16 0.505226826238 0.0 0.0 0.554311599665 0.832309227677
0.708333333333 0.720226701126 1.98194183149e-16 0.505226826238 0.0 0.0 0.554311599665 0.832309227677
0.75 0.720226701126 1.98194183149e-16 0.505226826238 0.0 0.0 0.554311599665 0.832309227677
0.791666666667 0.720226701126 1.98194183149e-16 0.505226826238 0.0 0.0 0.554311599665 0.832309227677
0.833333333333 0.720226701126 1.98194183149e-16 0.505226826238 0.0 0.0 0.554311599665 0.832309227677
0.875 0.720226701126 1.98194183149e-16 0.505226826238 0.0 0.0 0.554311599665 0.832309227677
0.916666666667 0.720226701126 1.98194183149e-16 0.505226826238 0.0 0.0 0.554311599665 0.832309227677
0.958333333333 0.720226701126 1.98194183149e-16 0.505226826238 0.0 0.0 0.554311599665 0.832309227677
1.0 0.720226701126 1.98194183149e-16 0.505226826238 0.0 0.0 0.554311599665 0.832309227677
1.04166666667 0.720226701126 1.98194183149e-16 0.505226826238 0.0 0.0 0.554311599665 0.832309227677
1.08333333333 0.720226701126 1.98194183149e-16 0.505226826238 0.0 0.0 0.554311599665 0.832309227677
1.125 0.720226701126 1.98194183149e-16 0.505226826238 0.0 0.0 0.554311599665 0.832309227677
1.16666666667 0.720226701126 1.98194183149e-16 0.505226826238 0.0 0.0 0.554311599665 0.832309227677
1.20833333333 0.720226701126 1.98194183149e-16 0.505226826238 0.0 0.0 0.554311599665 0.832309227677
1.25 0.720226701126 1.98194183149e-16 0.505226826238 0.0 0.0 0.554311599665 0.832309227677
1.29166666667 0.720226701126 1.98194183149e-16 0.505226826238 0.0 0.0 0.554311599665 0.832309227677
1.33333333333 0.720226701126 1.98194183149e-16 0.505226826238 0.0 0.0 0.554311599665 0.832309227677
1.375 0.720226701126 1.98194183149e-16 0.505226826238 0.0 0.0 0.554311599665 0.832309227677
1.41666666667 0.720226701126 1.98194183149e-16 0.505226826238 0.0 0.0 0.554311599665 0.832309227677
1.45833333333 0.720226701126 1.98194183149e-16 0.505226826238 0.0 0.0 0.554311599665 0.832309227677
1.5 0.720226701126 1.98194183149e-16 0.505226826238 0.0 0.0 0.554311599665 0.832309227677
1.54166666667 0.720226701126 1.98194183149e-16 0.505226826238 0.0 0.0 0.554311599665 0.832309227677
1.58333333333 0.720226701126 1.98194183149e-16 0.505226826238 0.0 0.0 0.554311599665 0.832309227677
1.625 0.720226701126 1.98194183149e-16 0.505226826238 0.0 0.0 0.554311599665 0.832309227677
1.66666666667 0.720226701126 1.98194183149e-16 0.505226826238 0.0 0.0 0.554311599665 0.832309227677
1.70833333333 0.720226701126 1.98194183149e-16 0.505226826238 0.0 0.0 0.554311599665 0.832309227677
1.75 0.720226701126 1.98194183149e-16 0.505226826238 0.0 0.0 0.554311599665 0.832309227677
1.79166666667 0.720226701126 1.98194183149e-16 0.505226826238 0.0 0.0 0.554311599665 0.832309227677
1.83333333333 0.720226701126 1.98194183149e-16 0.505226826238 0.0 0.0 0.554311599665 0.832309227677
1.875 0.720226701126 1.98194183149e-16 0.505226826238 0.0 0.0 0.554311599665 0.832309227677
1.91666666667 0.720226701126 1.98194183149e-16 0.505226826238 0.0 0.0 0.554311599665 0.832309227677
1.95833333333 0.720226701126 1.98194183149e-16 0.505226826238 0.0 0.0 0.554311599665 0.832309227677
2.0 0.720226701126 1.98194183149e-16 0.505226826238 0.0 0.0 0.554311599665 0.832309227677
49
0 0.152435397243 0.0111862388891 0.321692783982 0.0 0.0 -0.544496127514 0.838763355854
0.0416666666667 0.152435397243 0.0111862388891 0.321692783982 0.0 0.0 -0.537807471677 0.843067686137
0.0833333333333 0.152435397243 0.0111862388891 0.321692783982 0.0 0.0 -0.518316662566 0.855188772907
0.125 0.152435397243 0.0111862388891 0.321692783982 0.0 0.0 -0.486686857814 0.873576500618
0.166666666667 0.152435397243 0.0111862388891 0.321692783982 0.0 0.0 -0.443439957246 0.896304080275
0.208333333333 0.152435397243 0.0111862388891 0.321692783982 0.0 0.0 -0.389109345736 0.921191574571
0.25 0.152435397243 0.0111862388891 0.321692783982 0.0 0.0 -0.32437538983 0.945928436232
0.291666666667 0.152435397243 0.0111862388891 0.321692783982 0.0 0.0 -0.250171033706 0.968201659725
0.333333333333 0.152435397243 0.0111862388891 0.321692783982 0.0 0.0 -0.167747920668 0.985829922
0.375 0.152435397243 0.0111862388891 0.321692783982 0.0 0.0 -0.0786970310512 0.996898579247
0.416666666667 0.152435397243 0.0111862388891 0.321692783982 0.0 0.0 0.0150778375664 0.999886322946
0.458333333333 0.152435397243 0.0111862388891 0.321692783982 0.0 0.0 0.111430485561 0.99377223089
0.5 0.152435397243 0.0111862388891 0.321692783982 0.0 0.0 0.20807835264 0.97811216083
0.541666666667 0.152435397243 0.0111862388891 0.321692783982 0.0 0.0 0.302731570642 0.953075860641
0.583333333333 0.152435397243 0.0111862388891 0.321692783982 0.0 0.0 0.393229462898 0.919440367565
0.625 0.152435397243 0.0111862388891 0.321692783982 0.0 0.0 0.477667910505 0.878540475604
0.666666666667 0.152435397243 0.0111862388891 0.321692783982 0.0 0.0 0.554502124411 0.832182308166
0.708333333333 0.152435397243 0.0111862388891 0.321692783982 0.0 0.0 0.622612408455 0.782530375664
0.75 0.152435397243 0.0111862388891 0.321692783982 0.0 0.0 0.681324902192 0.731981132033
0.791666666667 0.152435397243 0.0111862388891 0.321692783982 0.0 0.0 0.73038424916 0.683036491396
0.833333333333 0.152435397243 0.0111862388891 0.321692783982 0.0 0.0 0.769879795929 0.638188921731
0.875 0.152435397243 0.0111862388891 0.321692783982 0.0 0.0 0.800130594564 0.599825834424
0.916666666667 0.152435397243 0.0111862388891 0.321692783982 0.0 0.0 0.821536786675 0.570155512243
0.958333333333 0.152435397243 0.0111862388891 0.321692783982 0.0 0.0 0.834405960891 0.551150335598
1.0 0.152435397243 0.0111862388891 0.321692783982 0.0 0.0 0.838763355854 0.544496127514
1.04166666667 0.152435397243 0.0111862388891 0.321692783982 0.0 0.0 0.834405960891 0.551150335598
1.08333333333 0.152435397243 0.0111862388891 0.321692783982 0.0 0.0 0.821536786675 0.570155512243
1.125 0.152435397243 0.0111862388891 0.321692783982 0.0 0.0 0.800130594564 0.599825834424
1.16666666667 0.152435397243 0.0111862388891 0.321692783982 0.0 0.0 0.769879795929 0.638188921731
1.20833333333 0.152435397243 0.0111862388891 0.321692783982 0.0 0.0 0.73038424916 0.683036491396
1.25 0.152435397243 0.0111862388891 0.321692783982 0.0 0.0 0.681324902192 0.731981132033
1.29166666667 0.152435397243 0.0111862388891 0.321692783982 0.0 0.0 0.622612408455 0.782530375664
1.33333333333 0.152435397243 0.0111862388891 0.321692783982 0.0 0.0 0.554502124411 0.832182308166
1.375 0.152435397243 0.0111862388891 0.321692783982 0.0 0.0 0.477667910505 0.878540475604
1.41666666667 0.152435397243 0.0111862388891 0.321692783982 0.0 0.0 0.393229462898 0.919440367565
1.45833333333 0.152435397243 0.0111862388891 0.321692783982 0.0 0.0 0.302731570642 0.953075860641
1.5 0.152435397243 0.0111862388891 0.321692783982 0.0 0.0 0.20807835264 0.97811216083
1.54166666667 0.152435397243 0.0111862388891 0.321692783982 0.0 0.0 0.111430485561 0.99377223089
1.58333333333 0.152435397243 0.0111862388891 0.321692783982 0.0 0.0 0.0150778375664 0.999886322946
1.625 0.152435397243 0.0111862388891 0.321692783982 0.0 0.0 -0.0786970310512 0.996898579247
1.66666666667 0.152435397243 0.0111862388891 0.321692783982 0.0 0.0 -0.167747920668 0.985829922
1.70833333333 0.152435397243 0.0111862388891 0.321692783982 0.0 0.0 -0.250171033706 0.968201659725
1.75 0.152435397243 0.0111862388891 0.321692783982 0.0 0.0 -0.32437538983 0.945928436232
1.79166666667 0.152435397243 0.0111862388891 0.321692783982 0.0 0.0 -0.389109345736 0.921191574571
1.83333333333 0.152435397243 0.0111862388891 0.321692783982 0.0 0.0 -0.443439957246 0.896304080275
1.875 0.152435397243 0.0111862388891 0.321692783982 0.0 0.0 -0.486686857814 0.873576500618
1.91666666667 0.152435397243 0.0111862388891 0.321692783982 0.0 0.0 -0.518316662566 0.855188772907
1.95833333333 0.152435397243 0.0111862388891 0.321692783982 0.0 0.0 -0.537807471677 0.843067686137
2.0 0.152435397243 0.0111862388891 0.321692783982 0.0 0.0 -0.544496127514 0.838763355854
