3
0 0.00940858364231 -0.03118974333 0.0 0.0 0.0 0.688019751564 0.725691960447
1.25 0.00940858364231 -0.03118974333 0.0 0.0 0.0 0.688019751564 0.725691960447
2.5 0.00940858364231 -0.03118974333 0.0 0.0 0.0 0.688019751564 0.725691960447
3
0 1.25256519604 -1.94289029309e-16 0.0 0.994801020181 0.101837764345 6.23576460686e-18 6.09139942577e-17
1.25 1.25256519604 -1.94289029309e-16 0.0 0.994801020181 0.101837764345 6.23576460686e-18 6.09139942577e-17
2.5 1.25256519604 -1.94289029309e-16 0.0 0.994801020181 0.101837764345 6.23576460686e-18 6.09139942577e-17
3
0 1.13914205576 -0.0431704977872 -5.28686119327e-18 0.93326926086 0.130326209043 -0.00401589871578 -0.334675123855
1.25 1.13914205576 -0.0431704977872 -5.28686119327e-18 0.93326926086 0.130326209043 -0.00401589871578 -0.334675123855
2.5 1.13914205576 -0.0431704977872 -5.28686119327e-18 0.93326926086 0.130326209043 -0.00401589871578 -0.334675123855
3
0 0.307590704404 0.246555804854 3.01943777226e-17 0.890998331998 0.454006577459 2.77998850939e-17 5.45579127664e-17
1.25 0.307590704404 0.246555804854 3.01943777226e-17 0.890998331998 0.454006577459 2.77998850939e-17 5.45579127664e-17
2.5 0.307590704404 0.246555804854 3.01943777226e-17 0.890998331998 0.454006577459 2.77998850939e-17 5.45579127664e-17
3
0 0.297616754467 -0.196670134818 0.194318010091 0.0 0.0 -0.243892326353 0.969802316529
1.25 0.297616754467 -0.196670134818 0.194318010091 0.0 0.0 -0.243892326353 0.969802316529
2.5 0.297616754467 -0.196670134818 0.194318010091 0.0 0.0 -0.243892326353 0.969802316529
3
0 0.768140180476 2.28983498829e-16 6.24500451352e-17 -0.286362280524 -0.173263412938 -0.381983367037 0.861432029435
1.25 0.768140180476 2.28983498829e-16 6.24500451352e-17 -0.286362280524 -0.173263412938 -0.381983367037 0.861432029435
2.5 0.768140180476 2.28983498829e-16 6.24500451352e-17 -0.286362280524 -0.173263412938 -0.381983367037 0.861432029435
3
0 0.441451363264 0.356894971473 -0.242437008712 0.773158836301 0.538703859165 -0.155090489289 0.296598223363
1.25 0.441451363264 0.356894971473 -0.242437008712 0.773158836301 0.538703859165 -0.155090489289 0.296598223363
2.5 0.441451363264 0.356894971473 -0.242437008712 0.773158836301 0.538703859165 -0.155090489289 0.296598223363
6
0 1.24156761689 0.16996424061 -0.00947438048965 -0.296412929873 0.394266161422 -0.149830251344 0.856880659569
0.5 1.24156761689 0.16996424061 -0.00947438048965 -0.296412929873 0.394266161422 -0.149830251344 0.856880659569
0.666666666667 1.24156761689 0.16996424061 -0.00947438048965 -0.332120493775 -0.0414673797666 0.00238889693347 0.942321987009
2.125 1.24156761689 0.16996424061 -0.00947438048965 -0.332120493775 -0.0414673797666 0.00238889693347 0.942321987009
2.45833333333 1.24156761689 0.16996424061 -0.00947438048965 -0.296412929873 0.394266161422 -0.149830251344 0.856880659569
2.5 1.24156761689 0.16996424061 -0.00947438048965 -0.296412929873 0.394266161422 -0.149830251344 0.856880659569
3
0 0.606021794385 -1.2203834601e-16 0.100509112361 0.0 0.0 -0.285080599816 0.958503548042
1.25 0.606021794385 -1.2203834601e-16 0.100509112361 0.0 0.0 -0.285080599816 0.958503548042
2.5 0.606021794385 -1.2203834601e-16 0.100509112361 0.0 0.0 -0.285080599816 0.958503548042
3
0 0.600464676369 -9.02515445757e-18 0.186545289688 0.0 0.0 -0.33457883965 0.942367762637
1.25 0.600464676369 -9.02515445757e-18 0.186545289688 0.0 0.0 -0.33457883965 0.942367762637
2.5 0.600464676369 -9.02515445757e-18 0.186545289688 0.0 0.0 -0.33457883965 0.942367762637
3
0 1.12590074347 -1.09156359772e-16 -0.0136111112489 0.0 0.0 0.402011485578 0.915634624435
1.25 1.12590074347 -1.09156359772e-16 -0.0136111112489 0.0 0.0 0.402011485578 0.915634624435
2.5 1.12590074347 -1.09156359772e-16 -0.0136111112489 0.0 0.0 0.402011485578 0.915634624435
3
0 1.04560170537 2.60065617157e-16 0.074013957511 0.818380524486 0.574676706628 -3.51887994659e-17 -5.01113544898e-17
1.25 1.04560170537 2.60065617157e-16 0.074013957511 0.818380524486 0.574676706628 -3.51887994659e-17 -5.01113544898e-17
2.5 1.04560170537 2.60065617157e-16 0.074013957511 0.818380524486 0.574676706628 -3.51887994659e-17 -5.01113544898e-17
3
0 1.4566116649 3.2983210315e-17 0.0463979976898 0.0 0.0 -0.214136660168 0.976803711486
1.25 1.4566116649 3.2983210315e-17 0.0463979976898 0.0 0.0 -0.214136660168 0.976803711486
2.5 1.4566116649 3.2983210315e-17 0.0463979976898 0.0 0.0 -0.214136660168 0.976803711486
3
0 0.930315955468 1.26027477801e-16 0.0386573509083 0.724596595097 0.68917325425 -4.21996909938e-17 -4.43687450429e-17
1.25 0.930315955468 1.26027477801e-16 0.0386573509083 0.724596595097 0.68917325425 -4.21996909938e-17 -4.43687450429e-17
2.5 0.930315955468 1.26027477801e-16 0.0386573509083 0.724596595097 0.68917325425 -4.21996909938e-17 -4.43687450429e-17
3
0 0.720226701126 1.98194183149e-16 0.505226826238 0.0 0.0 0.554311599665 0.832309227677
1.25 0.720226701126 1.98194183149e-16 0.505226826238 0.0 0.0 0.554311599665 0.832309227677
2.5 0.720226701126 1.98194183149e-16 0.505226826238 0.0 0.0 0.554311599665 0.832309227677
3
0 0.152435397243 0.0111862388891 0.321692783982 0.0 0.0 0.20807835264 0.97811216083
1.25 0.152435397243 0.0111862388891 0.321692783982 0.0 0.0 0.20807835264 0.97811216083
2.5 0.152435397243 0.0111862388891 0.321692783982 0.0 0.0 0.20807835264 0.97811216083
