0.0 0.0 0.0
0.0 0.7 0.0
0.020443676273 0.7 0.0
-0.0930941286509 0.679630279741 0.0
0.19920989038 0.127529890635 0.0609773418262
-0.132397170279 0.131466435974 -0.0654467763046
-0.120861890078 0.582874108513 0.0
0.191433995962 0.230134963989 0.0121259987354
0.29305667059 -1.38777878078e-17 5.55111512313e-17
0.0138751028112 0.733801889112 0.0
0.0862545166803 0.403952644903 -0.0164979759802
-0.128905886941 0.0636845098318 -0.028101202932
0.316929996014 0.228819847107 0.0150360018015
0.406345256735 2.14672030152e-16 1.56125112838e-16
0.0811827180917 0.685421121999 0.0217662832355
0.277719612179 1.42138904813e-16 -1.04083408559e-17
0.230532481202 6.35342473077e-17 -1.21430643318e-16
0.380851984024 0.151782035828 0.0271719992161
0.400764434237 -2.73218947466e-16 -1.94289029309e-16
0.058451557026 0.477593363684 0.0193478073205
0.25655614239 1.88651178012e-16 -1.21430643318e-17
0.261792355422 -1.13407547242e-16 2.94902990916e-16
0.400655031204 0.0274658203125 0.019734993577
0.401824571344 -1.00225173484e-16 2.68882138776e-17
0.048709630855 0.388574190858 0.00241847591506
0.25654039289 -3.26268959766e-15 -5.03069808033e-17
0.261872117064 -8.78203759713e-17 4.85722573274e-17
0.0227311610657 0.186968959948 0.101575988433
0.258456978572 2.02854226472e-16 -5.37764277553e-17
0.210709534042 -2.07733136248e-16 0.0
0.068193483197 0.0268927179471 0.239429115591
0.282635687701 -0.21596634097 -0.0753180132872
-0.00741130966774 -0.339898225736 -0.075204019404
-0.267673314699 -0.203822252225 -0.0812500165468
-0.356966317781 0.0669430523404 -0.075204019404
-0.179622308501 0.31395137601 -0.075204019404
0.124168692938 0.327192190219 -0.075204019404
0.322332679144 0.0965517788418 -0.075204019404
0.244008163876 8.68005483028e-17 4.33680868994e-19
0.267838894695 1.84167945429e-18 8.20330233592e-18
0.285442803108 8.87216190272e-17 8.18789480661e-16
0.267839740514 -3.86673609012e-16 2.70620197445e-16
0.267839527123 -6.84063808203e-17 -5.76795555762e-17
0.267838559681 -3.14675163124e-17 -2.57420724209e-17
0.267840016157 9.07384044746e-18 -6.50521303491e-19
0.309124927284 5.15316379791e-15 -1.27697331875e-15
0.254011485248 6.15022066645e-15 -3.20347860652e-16
0.254011081773 -1.10382114961e-15 -2.44379169678e-16
0.254010671856 2.25867739145e-14 -4.7737895993e-15
0.254011077145 2.38427729844e-14 -4.79954617716e-15
0.254013106729 -9.57627102355e-15 2.25261974872e-15
0.309123651991 -4.99106117357e-16 -2.12503625807e-16
0.170209687382 -1.38079838226e-15 -2.1553939189e-16
0.24277979927 -4.6458063091e-16 -1.14058068545e-16
0.242779624359 -2.95097808494e-16 -5.91974386177e-17
0.242779982826 -3.97852288533e-16 5.6270092752e-17
0.225320640489 2.22044604925e-15 4.99600361081e-16
0.205533213214 4.31661897143e-15 -2.41801479013e-15
0.187679805077 -8.99948366019e-16 -7.69783542465e-17
