0.0 0.0 0.0 1.0
0.0 0.0 0.0 1.0
0.0 0.0 0.0 1.0
0.0 0.0 0.0 1.0
0.0 0.0 0.0 1.0
0.384849598962 0.873207225898 0.120585691874 0.273603760451
0.0 0.0 0.0 1.0
0.0 0.0 0.0 1.0
-0.0608455853803 -0.0679123936254 -0.0990902851315 0.990891940084
0.0 0.0 0.0 1.0
0.0101557933717 0.0324027992363 0.298905092343 0.95367849102
0.232731639601 0.971985313729 0.00765436863064 0.0319678661123
0.0 0.0 0.0 1.0
0.0419253802118 0.0755523703841 -0.123504342743 0.988575125697
0.0 0.0 0.0 1.0
-8.33082346121e-05 -0.000118388052749 0.00574504660113 0.999983486605
-0.0328338340399 -0.065647588497 -0.00624293005051 0.99728298857
0.0 0.0 0.0 1.0
-0.0113916494749 -0.0535272254712 -0.171518675487 0.983659702547
0.0 0.0 0.0 1.0
5.65315790933e-05 8.00284724968e-05 -0.00393790396864 0.999992241626
0.0652778831708 0.131626912419 0.00284589660745 0.989143596637
0.0 0.0 0.0 1.0
0.000262858237239 0.00942504616591 -0.00917636240241 0.999913443146
0.0 0.0 0.0 1.0
0.000547901797604 0.000791317252498 -0.00546425964685 0.999984607625
-0.0369424953506 -0.070470443331 0.0195130257185 0.996638555586
0.0 0.0 0.0 1.0
-0.0103077339691 -0.0333139938677 -0.295406064548 0.954735138906
0.0481036357859 0.0917670157397 -0.0194960310299 0.994426849909
0.0 0.0 0.0 1.0
-0.000930835940967 0.00282098103828 -0.313349417168 0.949633254668
-0.0572392232098 0.0589334341606 -0.694365330377 0.714917694308
-0.34541790571 0.938403999246 0.00317355675553 -0.00862166755689
0.0803412792293 0.996764479716 0.000194333938712 0.00241102916421
0.507851834532 0.861430318884 0.00250451090936 0.00424821076661
0.00339629291295 0.00511882970413 0.552855932933 0.833254211029
0.000329576217533 0.00245334242005 0.13314122165 0.991093985245
0.000101242623774 -0.00013650822093 -0.000702824119391 0.999999738577
0.000835512555393 -2.39404111704e-05 -0.000519328332764 0.999999515822
0.00842821031096 -0.00990527118493 0.000393664994865 0.999915344368
1.75476840377e-05 0.000107797096291 0.000512583174533 0.999999862665
0.000187978832936 0.000103890963583 0.000509777812743 0.999999846999
-0.000269414192102 -0.000113811698252 -0.000505591821218 0.99999982942
-3.8250718426e-05 -0.000140177588473 -0.000688373693949 0.999999752514
-0.000769263260863 0.00102472623334 -0.00510509659236 0.999986147984
-0.282346498961 0.00528790798682 -0.00901741193378 0.959255533649
0.000653735003513 -0.00078535483015 0.0104201585406 0.99994518657
-0.000149444577958 -0.000858769508291 0.0104145827847 0.999945386832
-0.00134077414166 -0.000732726462375 0.00423556270584 0.999989862671
0.00122876952936 0.000518338174929 0.0010201169686 0.999998590405
0.00029989390008 0.0011614243164 -0.0130064870164 0.999914692588
0.00130157923468 -0.00386889286446 0.318858271303 0.947793616976
0.281474593196 -0.00541355017326 0.00950360125588 0.959506346213
0.135549512481 0.990758748805 -0.00353832253759 -0.00330327192854
0.571138551011 0.820847510105 -0.00131225336661 -0.00289805009277
0.0 0.0 0.0 1.0
-0.00154616933827 -0.00701584100143 -0.816705033636 0.577010637136
0.000327344278581 -0.0035143790048 -0.326463827663 0.9452031058
