0.00940858364231 -0.03118974333 0.0
1.25256519604 -1.94289029309e-16 0.0
1.13914205576 -0.0431704977872 -5.28686119327e-18
0.307590704404 0.246555804854 3.01943777226e-17
0.297616754467 -0.196670134818 0.194318010091
0.768140180476 2.28983498829e-16 6.24500451352e-17
0.441451363264 0.356894971473 -0.242437008712
1.24156761689 0.16996424061 -0.00947438048965
0.606021794385 -1.2203834601e-16 0.100509112361
0.600464676369 -9.02515445757e-18 0.186545289688
1.12590074347 -1.09156359772e-16 -0.0136111112489
1.04560170537 2.60065617157e-16 0.074013957511
1.4566116649 3.2983210315e-17 0.0463979976898
0.930315955468 1.26027477801e-16 0.0386573509083
0.720226701126 1.98194183149e-16 0.505226826238
0.152435397243 0.0111862388891 0.321692783982
