67 
57 67 
57 67 
67 
57 67 
67 
67 
67 
67 
57 67 
67 
57 67 
67 
67 
67 
67 
67 
67 
67 
67 
67 
67 
67 
57 67 
57 67 
67 
57 67 44 
57 67 
57 67 44 
57 67 
57 67 
57 67 
57 67 
57 67 
57 67 
57 67 
57 67 
57 67 
57 
57 67 
57 
57 
57 
57 
57 
57 
57 
57 
57 
57 
57 67 
57 50 
57 67 
57 67 
57 67 
57 67 
57 
57 
57 67 44 
57 50 44 
57 44 
57 44 
14 43 57 44 
14 57 44 
14 43 57 44 
14 43 57 67 44 
14 43 57 50 44 
14 43 57 50 44 
7 14 35 43 57 50 44 
14 35 43 57 50 44 
7 14 35 43 57 50 44 
14 35 43 57 50 44 
14 44 
14 35 44 
44 
44 
44 
44 
44 
7 43 44 
44 
44 
44 
44 
44 
43 44 
44 
43 44 
44 
43 44 
57 67 
57 
57 
57 
57 
57 
49 57 
57 
57 
7 14 43 57 44 
7 57 44 
57 44 
57 
57 
57 
57 
57 
57 
57 
57 
57 
7 57 
7 57 
57 
57 
57 
57 
57 
57 
57 
57 
57 
7 57 
7 57 
2 7 57 
57 
2 7 57 
2 7 57 44 
2 7 57 44 
2 7 57 
0 2 7 57 
7 57 
7 14 35 43 57 50 44 
14 35 44 
0 2 7 14 43 57 44 
2 7 14 43 57 44 
7 14 43 57 44 
14 35 44 15 26 37 
44 15 
7 14 24 35 43 50 44 15 26 37 17 28 39 47 63 75 88 100 106 112 89 101 107 3 
2 7 14 43 57 44 15 26 37 
0 2 7 57 44 15 26 37 
0 7 24 35 43 50 44 15 26 37 17 28 39 47 63 75 88 100 106 112 89 101 107 113 3 
0 7 43 50 44 15 26 37 17 28 39 47 55 63 75 88 100 106 112 76 89 101 107 3 
2 7 
7 14 24 43 50 44 15 26 37 17 28 39 47 63 75 88 100 106 112 89 101 107 113 118 3 
0 2 7 57 44 15 26 37 3 
0 2 7 
0 7 17 28 
0 2 7 57 17 
0 2 7 57 
7 57 
7 57 
2 7 57 
57 
36 
36 
57 
43 44 
44 
7 44 
7 43 44 
35 44 
44 
51 44 25 
0 7 35 44 52 60 15 26 37 45 53 61 69 82 94 70 83 95 71 84 96 3 
7 50 44 52 15 26 37 45 53 61 69 82 94 70 83 95 71 84 96 3 9 
51 44 52 25 
51 44 25 
51 44 25 
51 44 52 25 5 11 
7 44 
44 
51 44 25 
51 44 25 
7 14 51 44 25 
7 51 44 52 25 
7 51 44 52 25 5 11 
7 51 44 25 
0 7 14 44 15 26 37 45 
57 
57 
57 
57 
57 
57 
57 
57 
57 
57 
57 
57 
57 
57 
57 
57 
57 
57 
57 
57 
57 
57 
57 
57 
57 
57 
57 
57 
57 
57 
57 
57 
57 
57 
57 
57 
57 
57 
57 
57 
57 
57 
57 
57 
57 
57 
57 
57 
57 
57 
57 
57 
57 
57 
57 
57 
57 
57 
0 7 14 51 44 25 
0 7 14 51 44 25 
0 14 51 44 52 25 5 11 
0 7 14 44 52 60 15 26 37 45 53 61 69 82 94 70 83 95 71 84 96 3 9 21 32 
0 7 14 44 
0 7 14 44 
0 7 14 35 44 
0 7 14 44 15 26 37 45 53 61 69 82 94 70 83 95 71 84 96 3 9 30 41 21 32 
0 7 14 44 37 45 
0 25 
25 
0 2 7 44 
0 2 7 44 
2 7 
0 2 7 
0 2 7 57 17 
0 2 7 14 44 15 26 37 45 3 9 
0 2 7 14 44 3 9 
0 2 7 14 57 44 3 9 
0 2 7 14 57 44 15 26 37 
25 
25 8 
0 2 7 
13 
13 
8 
8 
0 13 7 
0 8 
0 1 6 12 2 7 14 15 17 28 88 100 106 112 3 5 
0 2 7 
2 7 
2 7 
0 2 7 
0 1 2 7 
0 1 6 2 7 14 24 15 17 28 39 75 88 100 106 112 3 5 
0 2 
0 44 
0 7 44 52 15 26 37 45 53 61 69 82 70 83 71 84 96 3 9 19 30 41 11 21 32 
0 2 7 14 24 44 52 60 68 15 26 37 45 53 3 9 19 30 41 5 11 21 32 
0 7 14 44 15 26 37 45 53 3 9 
0 1 2 7 14 24 44 52 15 26 37 45 53 61 71 3 9 19 30 41 5 11 21 32 
0 2 7 14 44 15 26 37 45 53 61 69 70 71 84 3 9 19 30 41 5 11 21 32 
0 1 2 7 14 35 52 15 26 37 45 3 9 19 30 41 4 10 20 31 42 5 11 21 32 
0 7 14 44 3 9 
0 14 
0 7 14 
0 14 
0 7 14 
0 1 7 14 
0 1 6 12 2 7 14 100 106 112 107 113 118 5 11 21 32 
0 1 7 14 
7 14 
0 1 2 7 14 
0 1 6 12 22 2 7 14 17 28 88 100 106 112 101 107 113 118 5 11 21 
0 1 2 7 
0 1 6 12 22 2 7 14 17 28 88 100 106 112 101 107 113 118 5 11 21 
0 1 2 7 
0 1 6 12 22 2 7 14 100 106 112 107 113 118 5 11 21 32 
0 1 6 12 22 2 7 14 17 88 100 106 112 107 113 118 5 11 21 32 
0 1 6 2 7 14 106 112 5 11 
0 1 6 2 7 14 5 11 21 
0 1 6 12 22 2 7 14 106 112 115 5 11 21 32 
0 1 6 12 22 2 7 14 24 106 112 5 11 21 32 
0 1 2 7 14 5 11 21 
0 1 6 2 7 14 5 11 21 
0 1 6 12 22 2 7 14 100 106 112 113 118 5 11 21 32 
0 1 6 2 7 14 5 11 21 
7 8 
8 
0 2 7 
0 1 6 2 7 14 24 15 17 28 39 75 88 100 106 112 107 3 5 
0 7 8 
0 2 14 
2 7 
2 7 
0 2 7 
0 14 
0 14 5 11 21 
0 14 
0 14 
0 14 
0 7 14 
0 2 7 14 3 9 
0 2 7 14 3 9 
8 
8 
0 8 
0 2 14 
2 
2 
0 2 14 106 112 3 9 
0 2 14 106 112 3 9 
14 5 11 21 
0 1 14 5 11 21 
0 1 6 12 2 14 24 106 112 5 11 21 32 
0 1 7 14 
7 57 44 15 26 37 
7 44 15 26 37 
7 44 15 26 37 
2 7 14 44 15 26 37 45 
7 14 44 15 26 37 
2 7 14 57 44 15 26 37 
2 7 57 44 15 26 37 
2 7 57 44 15 26 37 
0 14 35 51 44 52 25 5 11 
0 14 24 35 44 52 60 68 5 11 21 32 
0 2 7 14 35 44 52 60 68 15 16 3 9 19 30 41 4 10 20 31 42 5 11 21 32 
0 1 2 7 14 24 35 44 52 15 16 3 9 19 30 41 4 10 20 31 42 5 11 21 32 
13 
13 
0 13 7 
0 1 6 12 22 33 2 7 14 17 28 88 100 106 112 101 107 113 118 5 11 21 
0 1 6 12 22 33 2 7 14 17 88 100 106 112 107 113 118 5 11 21 
0 1 6 12 22 33 2 7 14 17 100 106 112 107 113 118 5 11 21 32 
0 1 6 12 22 33 2 7 14 17 88 100 106 112 107 113 118 5 11 21 
0 1 6 12 22 33 2 7 14 106 112 109 115 5 11 21 32 
0 1 6 12 22 33 2 7 14 106 112 115 5 11 21 32 
0 1 6 12 22 33 2 7 14 100 106 112 113 118 5 11 21 32 
34 
34 
34 
34 
34 
34 
12 22 33 
34 
12 22 33 
6 12 22 
12 22 33 
12 22 33 
6 12 22 
6 12 22 
6 12 22 
12 22 33 
12 22 33 
6 12 22 
12 22 33 
6 12 22 
22 33 
22 33 
22 33 
22 33 
22 33 
22 33 
22 33 
22 33 
22 33 
22 33 
22 33 
0 2 7 57 17 
0 2 7 57 17 
0 2 7 57 17 
0 2 7 57 17 
0 2 7 57 17 
0 2 7 57 17 
0 2 7 57 17 
0 2 7 57 17 
57 67 44 
57 67 44 
57 67 44 
57 67 44 
57 67 44 
57 67 44 
7 57 67 44 
7 43 57 67 44 
43 57 67 44 
43 57 44 
14 43 57 67 44 
7 14 43 57 50 44 
0 7 14 43 57 50 44 17 28 
0 7 14 43 57 50 44 17 28 
0 7 14 43 57 50 44 17 
0 7 14 24 35 43 49 57 50 58 44 15 26 37 45 53 61 69 70 71 84 17 28 39 3 
7 43 50 58 44 15 26 37 
35 44 
44 
7 43 44 
7 43 44 
7 43 44 
7 43 44 
7 43 44 
7 43 44 
0 7 14 24 35 43 49 57 50 44 52 15 26 37 45 53 61 69 71 17 28 39 100 3 
0 7 14 35 43 57 50 44 17 28 39 88 100 106 3 
0 7 14 35 43 57 50 44 17 
14 35 44 
0 7 14 43 57 50 44 
0 7 14 35 43 57 50 44 
0 7 14 35 43 57 50 44 17 28 39 75 88 100 106 3 
35 44 
14 35 
35 
35 44 
35 44 
35 
35 
35 44 
35 44 
0 2 7 14 24 35 43 49 57 50 58 44 52 60 36 25 15 26 37 16 17 3 5 21 32 
0 2 7 14 24 35 43 49 57 50 58 44 52 60 36 25 15 26 37 16 17 3 5 21 32 
35 44 
7 35 43 57 50 44 
7 35 43 57 67 44 
35 
7 35 43 57 50 44 
7 14 35 43 57 50 44 
35 44 
0 2 7 14 24 35 43 50 44 52 15 26 16 
35 
35 44 
35 57 67 44 
35 57 67 44 
35 
35 
35 44 
14 35 57 44 
14 35 57 67 44 
14 35 57 67 44 
14 24 35 57 44 
57 67 44 
7 14 35 57 67 44 
35 57 67 44 
57 67 44 
57 67 44 
57 67 44 
7 57 67 44 
7 57 67 44 
7 43 57 67 44 
7 43 57 67 44 
7 43 57 67 44 
7 14 43 57 67 44 
7 14 43 57 50 44 
7 14 43 57 50 44 
0 7 14 43 57 50 44 
0 7 14 35 43 57 50 44 17 28 39 
0 7 14 24 35 43 49 57 50 44 52 15 26 37 45 53 61 71 17 28 39 88 100 3 
35 44 
43 50 44 15 26 37 
44 
7 24 35 43 49 57 50 58 44 52 60 15 26 37 45 53 61 69 82 94 70 83 71 84 96 
7 24 35 43 49 57 50 58 44 52 60 68 15 26 37 45 53 61 69 82 94 70 71 84 96 
35 44 
35 44 
35 44 52 60 68 
0 7 14 24 35 43 49 57 67 81 50 51 44 52 60 68 61 71 84 96 62 74 87 99 
44 
23 
23 
23 
23 
23 
23 
0 1 6 12 22 2 7 
1 6 12 22 2 
0 1 6 12 22 2 7 
1 6 12 22 2 
0 1 6 12 22 2 7 
1 6 12 22 
1 6 12 22 2 
0 1 6 12 22 2 7 
0 1 6 12 22 7 5 11 
1 6 12 22 
1 6 12 22 
0 1 6 12 22 7 
1 6 12 22 
0 1 6 12 22 2 7 
57 67 
57 67 
67 
67 
57 67 
67 
67 
57 67 
67 
67 
67 
67 
67 
67 
67 
67 
67 
57 67 
57 67 
57 67 44 
57 67 44 
57 67 
57 67 44 
57 67 
57 67 
57 67 
57 67 
57 67 
57 67 
57 
57 
57 67 
57 67 
57 
57 
57 
57 
57 
57 
57 67 
57 
57 67 
57 67 51 
57 67 
57 67 
57 67 
57 67 
57 
57 
57 67 44 
57 67 51 44 
14 57 44 
43 57 44 
14 43 57 67 44 
14 57 44 
14 43 57 44 
14 43 57 67 51 44 
7 14 43 57 67 51 44 
7 14 43 57 51 44 
7 14 35 43 57 51 44 
7 14 43 57 67 51 44 
7 14 35 43 57 51 44 
14 35 43 57 51 44 
14 35 44 
0 7 14 24 35 43 49 57 51 59 44 16 27 38 46 54 62 72 73 74 87 18 29 40 4 
44 
44 
44 
44 
44 
7 43 44 
44 
7 43 44 
44 
43 44 
7 43 44 
44 
44 
43 44 
57 67 
57 
57 
57 
57 
57 
57 
57 
7 14 43 57 44 
57 44 
7 57 44 
57 
57 
7 57 
7 57 
57 
7 57 
57 
57 
57 
7 57 
7 57 
57 
57 
57 
57 
7 57 
57 
7 57 
2 7 57 
2 7 57 
2 7 57 
57 
2 7 57 44 
2 7 57 
2 7 57 44 
2 7 57 
0 2 7 57 18 
7 57 
2 7 14 35 43 57 51 44 
7 14 35 57 44 
0 2 7 14 43 57 44 
2 7 14 43 57 44 
7 14 43 57 44 
14 35 44 16 27 38 
44 16 
2 7 14 24 35 43 57 51 44 16 27 38 18 29 40 48 65 78 91 103 109 115 92 104 110 4 
2 7 14 43 57 44 16 27 38 
0 2 7 57 44 16 27 38 
0 7 24 35 43 51 44 16 27 38 18 29 40 48 65 78 91 103 109 115 92 104 110 116 4 
0 2 7 43 51 44 16 27 38 18 29 40 48 56 65 78 91 103 109 115 79 92 104 110 4 
0 2 7 57 
2 7 14 24 43 51 44 16 27 38 18 29 40 48 65 78 91 103 109 115 92 104 110 116 120 4 
0 2 7 57 44 16 27 38 4 
0 2 7 57 18 
0 2 7 18 29 
0 2 7 57 18 
0 2 7 57 25 
7 57 36 
2 7 57 36 25 
7 57 36 
57 36 
57 36 
7 43 44 
44 
7 44 
7 43 44 
35 44 
0 7 35 50 44 52 60 25 16 27 38 46 54 62 72 85 97 73 86 98 74 87 99 4 
50 44 25 
7 51 44 52 16 27 38 46 54 62 72 85 97 73 86 98 74 87 99 4 10 
50 44 52 25 
50 44 25 
7 44 
44 
50 44 25 
50 44 25 
7 14 50 44 25 
7 14 50 44 52 25 
7 50 44 52 25 16 5 11 
7 50 44 25 
0 7 14 44 16 27 38 46 
57 
57 
57 
57 
57 
57 
57 
57 
57 
57 
57 
57 
57 
57 
57 
57 
57 
57 
57 
57 
57 
57 
57 
57 
57 
57 
57 
57 
57 
57 
57 
57 
57 
57 
57 
57 
57 
57 
57 
57 
57 
57 
57 67 
57 
57 
57 
57 
57 
57 
57 
57 
57 
57 
57 
57 
57 
57 
57 
0 7 14 50 44 25 
0 7 14 50 44 25 
0 14 50 44 52 25 5 11 
0 7 14 50 44 52 60 25 16 27 38 46 54 62 72 85 97 73 86 98 74 87 99 4 10 21 32 
0 7 14 44 
0 7 14 44 
0 7 14 35 44 
0 7 14 44 16 27 38 46 54 62 72 85 97 73 86 98 74 87 99 4 10 31 42 21 32 
0 7 14 44 38 46 
0 36 25 
0 2 7 44 
0 2 7 44 
0 2 7 57 18 
2 7 
0 2 7 57 25 18 
0 2 7 14 44 16 27 38 46 4 10 
0 2 7 14 57 44 16 27 38 4 
0 2 7 14 57 44 4 10 
0 2 7 14 44 4 10 
25 
0 2 7 25 
13 8 
8 
0 13 8 
0 13 7 
0 1 6 12 13 2 7 14 16 18 29 91 103 109 115 8 4 5 
2 7 
0 2 7 
0 2 7 
0 2 7 
0 1 6 13 2 7 18 109 115 
0 1 6 2 7 18 103 109 115 
0 1 6 2 7 14 16 18 29 40 78 91 103 109 115 8 4 5 
0 7 44 52 16 27 38 46 54 62 72 85 73 86 74 87 99 4 10 20 31 42 11 21 32 
0 44 
0 2 7 14 44 52 60 68 16 38 46 4 10 20 31 42 5 11 21 32 
0 7 14 44 16 27 38 46 54 62 4 10 31 42 
0 2 7 14 44 16 27 38 46 54 62 74 4 10 20 31 42 5 11 21 32 
0 1 2 7 14 24 44 52 16 27 38 46 54 62 74 4 10 20 31 42 5 11 21 32 
0 1 2 7 14 35 52 16 27 38 46 3 9 19 30 41 4 10 20 31 42 5 11 21 32 
0 7 14 44 4 10 
0 7 14 
0 14 
0 14 
0 7 14 
0 1 7 14 5 11 21 
1 7 14 
0 1 7 14 
0 1 6 12 2 7 14 103 109 115 110 116 120 5 11 21 32 
0 1 2 7 14 
0 1 2 7 
0 1 6 12 22 2 7 14 18 29 91 103 109 115 104 110 116 120 5 11 21 
0 1 6 12 22 13 2 7 14 18 29 91 103 109 115 104 110 116 120 5 11 21 
0 1 13 2 7 
0 1 6 2 7 14 103 109 115 116 120 5 11 21 
0 1 6 12 22 2 7 14 18 91 103 109 115 110 116 120 5 11 21 32 
0 1 6 12 22 2 7 14 103 109 115 110 116 120 5 11 21 32 
0 1 2 7 14 5 11 21 
0 1 6 12 22 2 7 14 24 112 109 115 5 11 21 32 
0 1 6 2 7 14 5 11 21 
0 1 6 2 7 14 5 11 21 
0 1 6 12 22 2 7 14 103 109 115 116 120 5 11 21 32 
7 25 8 
0 7 8 
0 1 6 2 7 14 24 16 18 29 40 78 91 103 109 115 8 4 5 
0 2 7 18 8 
2 7 
0 2 14 
0 6 2 7 18 103 109 115 
0 2 7 
0 14 5 11 21 
0 14 
0 14 
0 7 14 
0 2 7 14 4 10 
0 2 7 14 4 10 
8 
0 8 
1 2 
0 1 2 14 
0 1 2 
0 2 14 109 115 4 10 
0 1 2 14 109 115 4 10 
0 1 14 5 11 21 
0 1 6 12 2 14 24 109 115 5 11 21 32 
0 1 7 14 
7 57 44 16 27 38 
7 44 16 27 38 
7 44 16 27 38 
0 2 7 14 44 16 27 38 46 
0 7 14 44 16 27 38 46 
2 7 14 57 44 16 27 38 
2 7 57 44 16 27 38 
2 7 57 44 16 27 38 
23 13 
0 23 13 7 
0 1 6 12 22 33 23 13 2 7 14 18 29 91 103 109 115 104 110 116 120 5 11 21 
0 1 6 12 22 33 2 7 14 18 91 103 109 115 110 116 120 5 11 21 
0 1 6 12 22 33 2 7 14 18 91 103 109 115 110 116 120 5 11 21 
0 1 6 12 22 33 2 7 14 18 103 109 115 110 116 120 5 11 21 32 
0 1 6 12 22 33 2 7 14 112 109 115 5 11 21 32 
0 1 6 12 22 33 2 7 14 103 109 115 116 120 5 11 21 32 
22 34 
34 
22 34 
34 
12 22 33 34 
22 34 
12 22 33 
6 12 22 34 
6 12 22 
12 22 33 
12 22 33 
6 12 22 
6 12 22 
12 22 33 
6 12 22 
12 22 33 
22 33 
22 33 
22 33 
22 33 
22 33 
22 33 
22 33 
22 33 
0 2 7 57 18 
0 2 7 57 18 
0 2 7 57 18 
0 2 7 57 18 
0 2 7 57 18 
0 2 7 57 18 
0 2 7 57 18 
0 2 7 57 18 
57 67 44 
57 67 44 
57 67 44 
57 67 44 
57 67 44 
7 57 67 44 
7 43 57 67 44 
7 43 57 67 44 
7 14 43 57 67 44 
7 14 43 57 67 51 44 
7 14 43 57 51 44 
0 7 14 43 57 51 44 18 
0 7 14 43 57 51 44 18 29 
0 7 14 35 43 57 51 44 16 27 18 29 
0 7 14 24 35 43 49 57 51 59 44 16 27 38 46 54 62 72 73 74 87 18 29 40 4 
7 43 51 59 44 16 27 38 
35 44 
44 
7 43 44 
7 35 43 44 
7 35 43 44 
7 35 43 44 
7 43 44 
0 7 14 24 35 43 49 57 51 44 52 16 27 38 46 54 62 72 74 18 29 40 103 4 
14 35 43 44 
0 7 14 35 43 57 51 44 18 
0 7 14 35 43 57 51 44 18 29 103 4 
0 7 14 35 43 57 51 44 
0 7 14 35 43 57 51 44 18 
0 7 14 35 43 57 51 44 18 29 40 91 103 109 4 
35 44 
35 44 
35 
14 35 57 51 44 
35 44 
35 44 
35 
35 
35 44 
35 44 
0 2 7 14 24 35 43 49 57 51 59 44 52 60 36 25 15 16 27 38 18 4 5 21 32 
0 2 7 14 24 35 43 49 57 51 59 44 52 60 36 25 15 16 27 38 18 4 5 21 32 
7 35 43 57 67 51 44 
7 35 43 57 67 44 
35 57 51 44 
7 35 43 57 51 44 
7 14 35 43 57 51 44 
35 44 
35 44 
35 57 
2 7 14 24 35 43 44 52 16 27 
35 57 67 44 
35 57 67 44 
35 
14 35 57 67 44 
14 24 35 57 67 44 
14 35 57 67 44 
14 35 57 67 44 
35 57 67 44 
35 57 67 44 
57 67 44 
7 35 57 67 44 
7 35 57 67 44 
7 35 43 57 67 44 
7 35 43 57 67 44 
7 35 43 57 67 44 
7 14 35 43 57 67 44 
7 14 35 43 57 67 51 44 
7 14 35 43 57 51 44 
0 7 14 35 43 57 51 44 
0 7 14 35 43 57 51 44 18 29 40 103 4 
0 7 14 24 35 43 49 57 51 44 52 16 27 38 46 54 62 74 18 29 40 91 103 4 
14 35 44 
35 43 51 44 16 27 38 
35 44 
7 24 35 43 49 57 51 59 44 52 60 16 27 38 46 54 62 72 85 97 73 86 74 87 99 
7 24 35 43 49 57 51 59 44 52 60 68 16 27 38 46 54 62 72 85 97 73 74 87 99 
35 44 
35 44 
0 7 35 49 57 67 44 52 60 68 
35 44 
34 23 
23 
34 23 
23 
1 6 12 22 34 23 2 
0 1 6 12 22 23 2 7 
1 6 12 22 34 2 
0 1 6 12 22 2 7 
1 6 12 22 2 
1 6 12 22 
0 1 6 12 22 2 7 
0 1 6 12 22 2 7 
1 6 12 22 
0 1 6 12 22 7 
1 6 12 22 
0 1 6 12 22 7 
7 44 26 37 
7 44 26 37 
7 44 26 37 
7 44 26 37 
7 44 26 37 
7 26 37 45 
7 26 37 45 
7 26 37 
7 44 26 37 
7 44 15 26 37 
2 7 57 44 15 26 37 
2 7 44 15 26 37 
2 7 44 15 26 37 
2 7 14 44 15 26 37 45 
7 14 44 26 37 
7 44 15 26 37 
7 44 15 26 37 
7 44 26 37 
7 44 15 26 37 
2 7 44 26 37 
2 7 15 26 37 
7 15 26 37 45 
7 44 15 26 37 
7 44 15 26 37 
82 94 
69 82 94 
82 94 
82 94 
69 82 94 
69 82 94 
69 82 94 
69 82 94 
69 82 94 
69 82 94 
61 69 82 94 70 83 71 84 
61 69 82 94 70 83 
61 69 82 94 70 83 
61 69 82 94 71 84 
61 69 82 94 70 83 
61 69 82 70 83 
61 69 82 94 70 83 71 84 
61 69 82 94 71 84 
61 69 82 70 83 
61 69 82 70 83 
69 82 94 
61 69 82 70 83 71 84 
61 69 82 70 83 71 
61 69 82 70 83 
61 69 82 70 
61 69 82 70 71 
61 69 82 70 71 
61 69 82 70 83 
70 83 95 
70 83 95 
83 95 
83 95 
70 83 95 
83 95 
70 83 95 
70 83 95 
70 83 95 
70 83 95 
69 82 70 83 95 
82 70 83 95 
82 70 83 95 
70 83 95 
70 83 95 
70 83 95 
70 83 95 
61 69 82 70 83 95 
61 69 82 70 83 95 
61 69 82 70 83 95 
61 69 82 70 83 95 
61 69 82 70 83 95 
61 69 82 70 83 95 
61 69 82 70 83 95 
61 69 82 94 70 83 95 
61 69 82 70 83 95 
61 70 83 95 
61 70 83 95 
61 70 83 95 
61 70 83 
61 70 83 
61 70 83 95 
61 69 82 70 83 
61 69 70 83 
61 70 83 
61 69 82 70 83 
61 69 82 70 83 
61 69 82 70 83 71 
61 69 70 83 
61 69 82 70 83 
61 69 70 83 
61 70 83 
61 70 83 
61 70 83 
61 69 70 
61 69 70 
61 69 82 70 83 71 
61 69 70 83 
61 69 82 70 83 
61 69 70 83 
61 70 
61 70 83 
61 69 82 70 83 71 84 
61 69 82 70 71 
53 61 69 70 71 
53 61 69 70 71 
61 69 70 
61 69 70 71 
61 69 70 
53 61 69 70 
53 61 69 70 83 
53 61 70 
53 61 69 70 83 
45 53 61 69 70 71 
45 53 61 69 70 71 
53 61 70 
45 53 61 69 70 
45 53 61 69 70 83 
45 53 61 69 70 
45 53 61 69 70 83 
45 53 61 70 
45 53 61 
45 53 61 
45 53 61 70 
45 53 61 70 
69 82 94 
69 82 94 
69 82 94 
69 82 94 
69 82 94 84 
69 82 94 
61 69 82 94 71 84 
61 69 82 94 71 84 
61 69 82 94 71 84 
61 69 82 71 84 
61 69 82 94 71 84 
61 69 82 71 84 
61 69 82 71 84 
61 69 82 71 
61 69 82 71 84 
61 69 82 71 84 
71 84 96 
84 96 
71 84 96 
84 96 
71 84 96 
71 84 96 
71 84 96 
71 84 96 
71 84 96 
82 71 84 96 
71 84 96 
82 71 84 96 
71 84 96 
82 71 84 96 
71 84 96 
71 84 96 
71 84 96 
61 71 84 96 
61 69 82 71 84 96 
61 69 82 71 84 
61 69 71 84 
61 69 71 84 96 
61 69 82 71 84 96 
61 69 82 71 84 96 
61 69 82 71 84 96 
61 69 82 71 84 96 
61 71 84 96 
61 71 84 96 
61 71 84 96 
61 71 84 
61 71 84 96 
61 71 84 
61 69 82 71 84 
61 69 82 71 84 
61 71 84 
61 69 71 84 
61 69 82 71 84 
61 69 71 84 
61 69 82 71 84 
61 69 82 71 84 
61 69 71 84 
61 71 84 
61 71 84 
61 71 84 
61 69 71 
61 69 71 
61 69 71 84 
61 69 82 70 71 84 
61 69 82 71 84 
61 69 71 84 
61 71 84 
61 71 84 
53 61 69 70 71 
61 69 71 
61 69 71 
53 61 69 71 
53 61 69 71 84 
53 61 69 71 
53 61 69 71 84 
53 61 71 
45 53 61 69 71 
45 53 61 69 71 84 
45 53 61 69 71 
45 53 61 69 71 84 
45 53 61 71 
45 53 61 69 71 
45 53 61 69 71 
45 53 61 
45 53 61 
45 53 61 
45 53 61 
45 53 61 
45 53 61 
45 53 61 
45 53 61 
45 53 61 
45 53 61 
45 53 61 
45 53 61 
45 53 61 
45 53 61 
45 53 61 
45 53 61 
45 53 
37 45 
37 45 
45 53 
37 45 
37 45 
45 53 61 
45 53 61 
37 45 
45 53 
37 45 
45 53 
45 53 61 
37 45 
37 45 
45 53 
37 45 
37 45 
37 45 
37 45 
37 45 
37 45 
37 45 
37 45 
37 45 
37 45 
37 45 
37 45 
37 45 
7 37 45 
37 45 
7 37 45 
37 45 
37 45 
7 37 45 
7 26 37 45 
7 44 37 45 
7 44 15 26 37 
7 44 15 26 37 
7 37 45 
37 45 
7 26 37 45 
7 37 45 
45 53 61 
45 53 61 
45 53 61 
45 53 61 
45 53 61 
45 53 61 
45 53 61 
45 53 61 
7 37 45 
7 37 45 
7 37 45 
37 45 
37 45 
7 37 45 
7 37 45 
7 37 45 
30 41 
30 41 
9 19 30 41 
9 19 30 41 
30 41 
30 41 
9 19 30 41 
9 19 30 41 
9 19 30 41 
9 19 30 41 
9 19 30 41 
9 19 30 41 
9 19 30 41 
9 19 30 41 
9 19 30 41 
9 19 30 41 
9 19 30 41 
9 19 30 41 
9 19 30 41 
9 19 30 41 
19 30 41 
9 19 30 41 
9 19 30 41 
9 19 30 41 
9 19 30 41 
9 19 30 41 
9 19 30 41 
9 19 30 41 
9 19 30 
9 19 30 
9 19 30 41 
9 19 30 41 
9 19 30 41 
9 19 30 41 
9 19 30 41 
9 19 30 
9 19 30 
9 19 30 
9 19 30 41 
9 19 30 
19 30 41 
9 19 30 41 
19 30 
9 19 30 41 
9 19 30 41 
3 9 19 30 41 
3 9 19 30 41 
3 9 19 30 41 
9 19 30 
9 19 30 
3 9 19 30 41 
9 19 30 
3 9 19 30 41 
3 9 19 30 41 
3 9 19 30 41 
3 9 19 30 41 
3 9 19 30 
3 9 19 30 41 
3 9 
3 9 
14 3 9 
14 3 9 
30 41 
30 41 
30 
30 41 
9 19 30 
30 
9 19 30 
9 19 30 
3 9 19 30 
30 41 
9 19 30 41 
19 30 41 
30 41 
30 41 
30 41 
9 19 30 41 
9 19 30 41 
9 19 30 41 
9 19 30 41 
9 19 30 41 
9 19 30 41 
9 19 30 41 
9 19 30 41 
9 19 30 41 
9 19 30 41 
9 19 30 41 
19 30 41 
19 30 41 
19 30 41 
19 30 41 
19 30 41 
9 19 30 41 
9 19 30 41 
9 19 30 41 
9 19 30 41 
9 19 30 
9 19 30 
9 19 30 41 
9 19 30 41 
9 19 30 41 
9 19 30 
9 19 30 41 
9 19 30 
9 19 30 
19 30 41 
9 19 30 
19 30 41 
9 19 30 41 
9 19 30 41 
9 19 30 41 
9 19 30 
9 19 30 
3 9 19 30 41 
9 19 30 
9 19 30 
3 9 19 30 
3 9 19 30 
3 9 19 30 
2 7 14 3 9 
14 3 9 
0 2 7 3 9 
0 2 7 3 9 
0 2 7 14 3 9 
0 2 7 14 3 9 
0 2 3 9 
0 2 3 9 19 
0 2 106 112 107 113 118 3 9 
0 2 106 112 113 118 3 9 
0 2 14 3 9 19 
0 2 14 106 112 3 9 19 
0 2 7 57 106 112 3 
0 2 7 14 3 9 
0 2 106 112 3 
0 2 106 112 3 
0 2 14 106 112 3 9 
3 9 19 30 41 
3 9 19 30 41 
3 9 19 
3 9 19 
3 9 19 
3 9 19 
3 9 19 
3 9 19 
14 3 9 19 
3 9 19 
14 3 9 19 
14 3 9 
2 14 3 9 19 
0 2 14 3 9 
0 2 7 14 3 9 
0 2 3 9 19 
0 2 3 9 19 
0 2 14 3 9 19 
0 2 7 14 3 9 
0 2 7 14 3 9 
2 14 3 9 
0 2 7 57 17 
57 17 28 
0 57 17 28 39 
0 2 7 57 17 
0 2 57 17 28 
0 2 7 57 17 
0 2 57 17 28 39 
0 2 57 17 
0 2 17 28 
0 2 57 17 
0 2 17 28 
0 2 57 17 
2 57 17 28 
0 2 7 57 17 
2 57 17 28 
0 2 7 57 17 
57 28 39 
57 28 39 
57 28 39 
2 28 39 
2 28 39 
2 28 39 
2 28 39 
57 28 39 
47 55 63 
47 55 63 
39 47 
39 47 
47 55 
39 47 
47 55 63 
39 47 
47 55 63 
39 47 
47 55 63 
39 47 
47 55 63 
39 47 
47 55 63 64 76 
39 47 
64 76 77 
64 77 
64 76 77 
64 76 77 
64 76 77 
55 64 76 77 
64 76 77 
55 64 76 77 
64 76 77 
64 76 77 
64 76 77 
64 76 77 
64 76 77 
64 76 77 
64 76 77 
64 76 77 
64 77 
64 76 77 
90 102 
102 108 
102 108 
90 102 
102 108 
90 102 
102 108 
90 102 
90 102 
102 108 
90 102 
102 108 
90 102 
102 108 
90 102 
102 108 
77 90 
77 90 
77 90 
77 90 
77 90 
77 90 
77 90 
77 90 
108 114 
108 114 
108 114 
108 114 
108 114 
108 114 
108 114 
108 114 
108 114 
114 
108 114 
108 114 
114 119 
108 114 
108 114 
108 114 
47 55 63 64 76 
47 55 63 64 76 
47 55 63 64 76 
47 55 63 64 76 
47 55 63 64 76 77 
47 55 63 64 76 77 
47 55 63 64 76 77 
47 55 63 64 76 
47 55 63 64 76 77 
55 63 64 76 77 
64 76 
55 63 64 76 
55 63 64 76 
47 55 63 64 76 
63 
55 63 
63 
55 63 
17 88 100 
100 106 
100 106 
17 88 100 
88 100 
100 106 
88 100 
88 100 
100 106 
100 106 
100 106 
88 100 
100 106 
88 100 
0 2 100 106 
88 100 
17 88 100 
2 57 100 106 
63 75 
75 88 
75 88 
63 75 
63 75 
75 88 
63 75 
63 75 76 89 
75 88 
75 88 
75 88 
63 75 
75 88 
63 75 
75 88 
63 75 
63 75 
75 88 
100 106 
100 106 
100 106 
100 106 
106 
106 
106 112 
0 100 106 
100 106 
100 106 
47 55 63 64 76 77 
55 63 64 76 77 
55 63 64 76 77 
55 63 64 76 77 
55 63 64 76 77 
64 76 77 
64 76 77 
64 76 77 
76 
55 63 64 76 77 
101 107 
107 113 
107 113 
101 107 
107 113 
101 107 
107 113 
101 107 
101 107 
101 107 
107 113 
107 113 
101 107 
113 
107 113 
101 107 
107 113 
101 107 
101 107 
107 113 
89 101 
89 101 
89 101 
89 101 
89 101 
89 101 
89 101 
89 101 
89 101 
89 101 
107 113 
107 113 
107 113 
113 
113 118 
107 113 
107 113 
107 113 
107 113 
47 55 63 64 76 
64 76 
64 76 77 
47 55 63 
55 64 
55 64 76 
55 64 
47 55 63 64 
55 64 
47 55 63 64 76 
55 64 
55 64 
47 55 63 
55 64 
55 64 
55 64 
55 64 
55 64 
55 
55 64 
55 64 
55 64 
55 64 
55 64 
47 55 63 
55 64 
108 114 
76 89 
76 89 
76 89 
76 89 77 90 
64 76 77 
76 89 77 90 
76 89 
76 89 
76 89 
76 89 
55 63 64 76 77 
76 89 
47 55 63 
108 114 
90 102 
102 108 
77 90 
88 100 
75 88 
63 75 76 89 
2 57 17 28 
0 2 7 57 17 
2 28 39 
47 55 63 
39 47 
47 55 63 
89 101 107 113 90 102 108 114 
76 89 101 77 90 102 
100 106 101 107 113 118 102 108 114 119 
100 106 101 107 113 118 102 108 114 119 
76 89 77 90 
64 76 77 
100 106 101 107 113 118 102 108 114 119 
89 101 107 113 90 102 108 114 
76 89 101 77 90 102 
76 89 77 90 
64 76 77 
55 63 64 76 77 
63 75 76 89 
75 88 89 101 
75 88 100 89 101 107 
88 100 106 112 101 107 113 118 
88 100 106 112 101 107 113 118 
47 55 63 64 76 77 
63 75 76 89 
75 88 89 101 
75 88 100 89 101 107 
88 100 106 112 101 107 113 118 
39 47 55 63 75 
47 55 63 
17 28 39 47 63 75 88 100 
2 17 28 39 63 75 88 100 106 
0 17 
47 55 63 
39 47 55 63 75 
17 28 39 47 63 75 88 100 
2 57 17 28 39 75 88 100 
2 17 
0 2 57 17 28 39 75 88 100 106 112 101 107 3 
0 2 57 17 28 39 75 88 100 106 112 101 107 3 
0 2 17 
0 2 7 57 17 28 106 
0 2 7 57 17 28 100 106 
7 44 16 27 38 
7 44 16 27 38 
7 44 27 38 
7 44 27 38 
7 27 38 46 
7 44 16 27 38 
7 27 38 
7 27 38 46 
7 44 27 38 
2 7 57 44 16 27 38 
7 57 44 16 27 38 
2 7 57 44 16 27 38 
2 7 14 44 16 27 38 
2 7 14 44 16 27 38 46 
7 14 44 16 27 38 
7 44 16 27 38 
7 44 16 27 38 
7 44 16 27 38 
7 44 16 27 38 
2 7 44 16 27 38 
2 7 44 16 27 38 
7 44 16 27 38 46 
7 44 16 27 38 
7 44 16 27 38 
85 97 
85 97 
72 85 97 
72 85 97 
72 85 97 
72 85 97 
72 85 97 
72 85 97 
72 85 97 
72 85 97 
62 72 85 97 74 87 
62 72 85 97 74 87 
62 72 85 97 73 86 
62 72 85 97 73 86 
62 72 85 97 73 86 
62 72 85 97 74 87 
62 72 85 74 87 
62 72 85 73 86 
62 72 85 97 73 86 
62 72 85 73 86 
72 85 97 
62 72 85 73 86 74 
62 72 85 73 74 87 
62 72 85 73 86 
62 72 85 73 74 87 
62 72 85 74 
62 72 85 73 
62 72 85 73 86 
72 85 73 86 98 
86 98 
85 73 86 98 
73 86 98 
85 73 86 98 
86 98 
73 86 98 
73 86 98 
73 86 98 
62 72 85 73 86 98 
62 72 85 73 86 98 
72 85 73 86 98 
62 72 85 73 86 98 
62 72 85 73 86 98 
73 86 98 
73 86 98 
73 86 98 
62 72 85 73 86 98 
62 72 85 73 86 98 
62 72 85 73 86 98 
62 72 85 73 86 98 
62 72 85 73 86 
62 72 85 97 73 86 
62 72 85 73 86 98 
62 72 85 73 86 98 
62 72 85 73 86 
62 73 86 98 
62 72 73 86 98 
62 73 86 98 
62 73 86 
62 73 86 
62 73 86 
62 72 85 73 86 
62 72 85 73 86 
62 72 85 73 86 
62 72 85 73 
62 72 73 86 
62 72 85 73 86 
62 72 85 73 86 74 
62 72 85 73 86 
62 72 73 86 
62 73 86 
62 73 86 
62 73 86 
62 72 73 
62 72 73 
62 72 85 73 86 
62 72 85 73 86 74 
62 72 85 73 86 
62 72 73 86 
62 73 
62 73 86 
62 72 85 73 74 87 
62 72 85 74 
54 62 72 85 73 74 
54 62 72 73 74 
54 62 72 74 
62 72 73 
54 62 72 73 
54 62 72 73 74 
54 62 72 73 86 
54 62 72 73 
54 62 72 73 86 
46 54 62 72 73 74 
46 54 62 72 73 74 
46 54 62 72 73 
46 54 62 72 73 74 
46 54 62 72 73 
46 54 62 72 73 
46 54 62 72 73 
46 54 62 
46 54 62 73 
46 54 62 74 
46 54 62 73 
46 54 62 73 
72 85 97 
72 85 97 
72 85 97 87 
72 85 97 87 
72 85 97 
72 85 97 74 87 
62 72 85 97 74 87 
62 72 85 74 87 99 
62 72 85 97 74 87 
62 72 85 74 87 
62 72 85 74 87 99 
62 72 85 74 87 99 
62 72 85 74 87 
62 72 85 74 87 
62 72 85 74 87 
62 72 85 74 87 
74 87 99 
74 87 99 
87 99 
74 87 99 
74 87 99 
74 87 99 
74 87 99 
74 87 99 
74 87 99 
74 87 99 
74 87 99 
74 87 99 
74 87 99 
74 87 99 
74 87 99 
74 87 99 
74 87 99 
62 74 87 99 
62 74 87 99 
62 72 85 74 87 99 
62 72 85 74 87 99 
62 74 87 99 
62 72 85 74 87 99 
62 72 85 74 87 99 
62 74 87 99 
62 72 85 74 87 99 
62 74 87 99 
62 74 87 99 
62 74 87 99 
62 74 87 99 
62 74 87 99 
62 74 87 
62 72 85 74 87 
62 72 85 74 87 
62 72 85 74 87 
62 72 74 87 
62 74 87 
62 72 85 74 87 
62 72 74 87 
62 72 85 74 87 
62 72 74 87 
62 74 87 
62 74 87 
62 74 87 
62 72 74 87 
62 72 74 87 
62 72 85 74 87 
62 72 74 87 
62 72 85 74 87 
62 72 74 87 
62 74 87 
62 74 87 
54 62 72 73 74 87 
62 72 74 
62 72 74 
54 62 72 74 87 
54 62 72 74 87 
54 62 72 74 87 
54 62 72 74 87 
46 54 62 72 74 
46 54 62 72 74 87 
46 54 62 72 74 87 
46 54 62 72 74 
46 54 62 72 74 87 
46 54 62 72 74 
46 54 62 72 74 
46 54 62 72 74 
46 54 62 
46 54 62 
46 54 62 
46 54 62 
46 54 62 
46 54 62 
46 54 62 
46 54 62 
46 54 62 
46 54 62 
46 54 62 
46 54 62 
46 54 62 
46 54 62 
46 54 62 
46 54 62 
46 54 
46 54 
38 46 
38 46 
38 46 
46 54 62 
46 54 62 
38 46 
46 54 
38 46 
38 46 54 
38 46 
38 46 54 62 
38 46 
46 54 
38 46 
38 46 
38 46 
38 46 
38 46 
38 46 
7 38 46 
38 46 
38 46 
7 38 46 
38 46 
38 46 
38 46 
38 46 
7 38 46 
38 46 
7 38 46 
38 46 
38 46 
7 38 46 
7 44 38 46 
7 27 38 46 
7 44 16 27 38 46 
7 44 16 27 38 
7 27 38 46 
7 38 46 
7 27 38 46 
7 38 46 
46 54 62 
46 54 62 
46 54 62 
46 54 62 
46 54 62 
46 54 62 
46 54 62 
46 54 62 
7 27 38 46 
7 38 46 
7 38 46 
7 38 46 
38 46 
7 38 46 
7 38 46 
7 38 46 
31 42 
10 20 31 42 
10 20 31 42 
31 42 
31 42 
31 42 
10 20 31 42 
10 20 31 42 
10 20 31 42 
10 20 31 42 
10 20 31 42 
10 20 31 42 
10 20 31 42 
10 20 31 42 
10 20 31 42 
10 20 31 42 
10 20 31 42 
10 20 31 42 
10 20 31 42 
10 20 31 42 
10 20 31 42 
10 20 31 42 
10 20 31 42 
10 20 31 42 
10 20 31 42 
10 20 31 42 
10 20 31 42 
10 20 31 42 
10 20 31 
10 20 31 
10 20 31 42 
10 20 31 42 
10 20 31 42 
10 20 31 42 
10 20 31 42 
10 20 31 
10 20 31 42 
10 20 31 
10 20 31 
10 20 31 
10 20 31 42 
10 20 31 
10 20 31 42 
10 20 31 42 
10 20 31 42 
4 10 20 31 42 
4 10 20 31 42 
4 10 20 31 42 
10 20 31 
10 20 31 
4 10 20 31 42 
4 10 20 31 
4 10 20 31 42 
4 10 20 31 42 
4 10 20 31 42 
4 10 20 31 42 
4 10 20 31 
4 10 20 31 42 
4 10 
14 4 10 
14 4 10 
14 4 10 
31 42 
31 42 
31 42 
31 42 
10 20 31 
20 31 42 
10 20 31 
10 20 31 
4 10 20 31 
31 42 
31 42 
20 31 42 
10 20 31 42 
31 42 
31 42 
10 20 31 42 
10 20 31 42 
10 20 31 42 
10 20 31 42 
10 20 31 42 
10 20 31 42 
10 20 31 42 
10 20 31 42 
10 20 31 42 
10 20 31 42 
10 20 31 42 
20 31 42 
20 31 42 
20 31 42 
20 31 42 
10 20 31 42 
20 31 42 
10 20 31 42 
10 20 31 42 
10 20 31 42 
10 20 31 
10 20 31 
10 20 31 42 
10 20 31 42 
10 20 31 42 
10 20 31 
10 20 31 
10 20 31 
10 20 31 42 
20 31 42 
10 20 31 
20 31 42 
10 20 31 42 
10 20 31 42 
10 20 31 42 
10 20 31 
10 20 31 
4 10 20 31 42 
10 20 31 
10 20 31 
4 10 20 31 42 
4 10 20 31 
4 10 20 31 
14 4 10 
2 7 14 4 10 
0 2 7 14 4 10 
0 2 7 14 4 10 
0 2 7 14 4 10 
0 2 7 14 4 10 
0 2 4 10 
0 2 109 115 116 120 4 10 
0 2 14 109 115 110 116 120 4 10 
0 2 14 4 10 20 
0 2 14 109 115 4 10 20 
0 2 14 4 10 20 
0 2 7 14 57 44 4 10 
0 2 7 44 4 
0 2 7 109 115 4 
0 2 14 109 115 4 
0 2 14 109 115 4 10 
4 10 20 31 42 
4 10 20 31 42 
4 10 20 
4 10 20 
4 10 20 
4 10 20 
4 10 20 
4 10 20 
14 4 10 20 
4 10 20 
2 14 4 10 20 
14 4 10 
14 4 10 20 
0 2 7 14 4 10 
0 2 14 4 10 
0 2 4 10 
0 2 4 10 20 
0 2 14 4 10 20 
0 2 7 14 4 10 
0 2 14 4 10 
0 2 7 14 4 10 
0 2 7 57 18 
0 2 7 57 18 
0 7 57 18 29 40 
0 7 57 18 29 
0 2 7 57 18 
0 2 57 18 29 
0 2 7 57 18 
0 2 57 18 29 
0 2 7 57 18 
0 2 57 18 29 
0 2 7 57 18 
0 2 57 18 29 
0 2 7 57 18 
0 2 57 18 29 
2 7 57 18 29 
0 2 7 57 18 
57 18 29 40 
57 18 29 40 
57 18 29 40 
0 2 18 29 40 
2 18 29 40 
2 18 29 40 
2 18 29 40 
57 18 29 40 
40 48 56 65 
29 40 48 
29 40 48 
40 48 56 65 
29 40 48 
40 48 56 
29 40 48 
40 48 56 65 
29 40 48 
40 48 56 65 
2 29 40 48 
40 48 56 65 
29 40 48 
40 48 56 65 
40 48 56 65 66 79 
29 40 48 
66 79 80 
56 66 79 80 
66 79 80 
66 79 92 80 93 
56 66 79 80 
66 79 80 
56 66 79 80 
56 66 79 80 
56 66 79 80 
66 79 80 
66 79 80 
66 79 80 
66 79 80 
66 79 80 
66 79 80 
66 79 80 
66 79 80 
66 79 80 
92 104 110 93 105 111 
92 104 80 93 105 
104 110 93 105 111 117 
92 104 110 116 93 105 111 117 
92 104 80 93 105 
104 110 105 111 117 
80 93 105 
93 105 111 
80 93 105 
93 105 111 
92 104 110 93 105 111 
92 104 110 116 93 105 111 117 
92 104 110 93 105 111 
92 104 110 116 93 105 111 117 121 
92 104 110 93 105 111 
92 104 110 116 93 105 111 117 121 
79 92 80 93 105 
66 80 93 
66 80 93 
66 80 93 
66 79 80 93 
66 79 80 93 
66 79 80 93 
66 79 92 80 93 
104 110 116 120 105 111 117 121 
110 105 111 117 
110 116 111 117 
110 116 120 105 111 117 121 
111 117 
105 111 117 
111 117 
111 117 
111 117 
104 110 116 120 105 111 117 121 
104 110 116 120 105 111 117 121 
111 117 
111 117 121 
104 110 116 120 105 111 117 121 
111 117 
105 111 117 
48 56 65 66 79 
48 56 65 66 79 
48 56 65 66 79 
48 56 65 79 
48 56 65 66 79 
48 56 65 66 79 80 
48 56 65 66 79 80 
48 56 65 66 79 80 
48 56 65 66 79 80 
48 56 65 66 79 80 
48 56 65 66 79 
56 65 66 79 
48 56 65 66 79 
56 65 78 66 79 
48 56 65 
65 
48 56 65 
40 48 56 65 78 
18 91 103 109 
18 78 91 103 
103 109 
0 2 57 18 103 109 
18 91 103 109 
103 109 
91 103 109 
103 109 
103 109 
91 103 109 
91 103 109 
103 109 
91 103 109 
0 103 109 
0 18 29 40 78 91 103 109 
0 2 18 29 91 103 109 115 
0 18 29 40 78 91 103 109 
0 2 18 29 91 103 109 115 
65 78 91 
56 65 78 
65 78 91 
78 91 103 
65 78 91 
78 91 103 
65 78 91 
78 91 103 
78 91 103 
65 78 91 
65 78 91 
78 91 103 
65 78 91 
78 91 103 
40 48 65 78 91 
29 40 78 91 103 
18 29 40 78 91 103 
40 48 65 78 91 
103 109 115 
103 109 115 
103 109 
103 109 115 
0 103 109 115 
109 115 
109 115 
0 57 18 103 109 115 
103 109 115 
0 57 18 103 109 115 
48 56 65 66 79 80 
48 56 65 66 79 80 
48 56 65 66 79 80 
56 65 66 79 80 
56 65 66 79 92 80 
66 79 80 
66 79 80 
66 79 92 80 
56 65 66 79 
48 56 65 66 79 80 
104 110 116 
92 104 110 
104 110 116 
110 116 
92 104 110 
110 116 
92 104 110 
110 116 
92 104 110 
110 116 
110 116 
92 104 110 
104 110 
110 116 
91 103 104 110 116 
103 109 115 110 116 120 
91 103 104 110 116 
103 109 115 110 116 120 
91 103 104 110 116 
103 109 115 110 116 120 
79 92 104 
79 92 104 
79 92 104 
79 92 104 
79 92 104 
79 92 104 
92 104 
92 104 
78 91 92 104 110 
78 91 92 104 110 
110 116 
110 116 120 
110 116 120 
110 116 120 
116 120 
103 109 115 110 116 120 
110 116 120 
110 116 120 
103 109 115 110 116 120 
48 56 65 66 79 
48 56 65 66 79 
56 66 79 80 
48 56 65 
56 66 
48 56 65 66 
56 66 
48 56 65 
48 56 65 66 79 
48 56 66 
56 66 
56 66 
48 56 65 
56 66 
56 66 
56 66 
56 66 
56 66 
56 66 
48 56 
56 66 
56 66 
56 66 
56 66 
48 56 65 
56 66 
104 110 116 120 105 111 117 121 
56 65 66 79 92 80 
65 66 79 92 
79 92 
66 79 92 80 93 
66 79 92 80 
66 79 92 80 93 
66 79 92 80 
79 92 
79 92 
56 65 78 66 79 92 
56 65 78 66 79 92 
48 56 65 66 79 80 
40 48 56 65 78 
104 110 116 120 105 111 117 121 
92 104 110 93 105 111 
92 104 110 116 93 105 111 117 
66 79 92 80 93 
91 103 109 
78 91 103 
65 78 91 
0 2 57 18 29 
0 2 7 57 18 
2 57 18 29 40 
40 48 56 65 
29 40 48 
48 56 65 
92 104 110 116 120 93 105 111 117 121 
79 92 104 110 80 93 105 111 
103 109 104 110 116 120 93 105 111 117 121 
103 109 104 110 116 120 105 111 117 121 
66 79 92 80 
79 92 104 80 93 105 
103 109 104 110 116 120 93 105 111 117 121 
92 104 110 116 120 93 105 111 117 121 
79 92 104 110 80 93 105 111 
66 79 92 80 93 
66 79 80 
48 56 65 66 79 80 
65 78 79 92 
65 78 91 79 92 104 
78 91 103 109 92 104 110 116 
91 103 109 115 104 110 116 120 
91 103 109 115 104 110 116 120 
48 56 65 66 79 80 
65 78 79 92 
78 91 103 109 92 104 110 116 
65 78 91 79 92 104 
91 103 109 115 104 110 116 120 
40 48 56 65 
29 40 48 56 65 78 91 
18 29 40 48 65 78 91 103 
0 2 18 29 40 78 91 103 109 
0 2 57 18 29 91 103 109 115 
40 48 56 65 78 
29 40 48 56 65 78 91 
2 57 18 29 40 78 91 103 
18 29 40 48 65 78 91 103 
0 2 57 18 29 91 103 109 115 
0 2 7 
0 2 57 18 29 40 78 91 103 109 115 104 110 4 
0 2 57 18 29 40 78 91 103 109 115 104 110 4 
0 2 7 57 18 29 109 
0 2 7 57 18 29 103 109 
57 
57 
57 
57 
57 
57 
57 
57 
57 
57 
57 
57 
57 
57 
57 
57 
57 
57 
57 
57 
57 
57 
57 
57 
57 
57 
57 
57 
57 
57 
57 
57 
57 
36 
36 
36 
36 
36 
36 
36 
36 
36 
36 
36 
36 
36 
36 
36 
36 
36 
36 
36 25 
36 
36 
36 
36 
36 
36 
36 
36 
36 
36 
36 
36 
36 
36 
25 
25 
25 
25 
25 
25 
2 
25 
2 25 
2 25 
25 
25 
2 
2 25 
2 25 
25 
25 
25 
25 8 
25 
25 
25 
25 
25 
25 
2 
25 
25 
2 
25 
25 
2 
25 
8 
8 
8 
8 
8 
8 
8 
8 
8 
8 
8 
8 
8 
8 
8 
8 
8 
8 
8 
8 
8 
8 
8 
8 
8 
8 
8 
8 
8 
8 
8 
8 
8 
13 
13 
13 
13 
13 
13 
13 
13 
13 
13 
13 
13 
13 
13 
13 
13 
13 
13 
13 
13 
13 
13 
13 
13 
13 
13 
13 
13 
13 
13 
13 
13 
13 
23 
23 
23 
23 
23 
23 
23 
23 
23 
23 
23 
23 
23 
23 
23 
23 
23 
23 
23 
23 
23 
23 
23 
23 
23 
23 
23 
23 
23 
23 
23 
23 
23 
34 
34 
34 
34 
34 
34 
34 
34 
34 
34 
34 
34 
34 
34 
34 
34 
34 
34 
34 
34 
34 
34 
34 
34 
34 
34 
34 
34 
34 
34 
34 
34 
34 
59 
59 
59 
59 
59 
59 
59 
59 
59 
59 
59 
59 
59 
59 
59 
59 
59 
59 
59 
59 
59 
59 
59 
59 
59 
59 
59 
59 
59 
59 
57 
57 
59 
59 
59 
57 
59 
59 
59 
59 
59 
59 
59 
59 
59 
59 
59 
59 
59 
59 
59 
59 
59 
59 
59 
59 
59 
59 
59 
59 
59 
59 
59 
59 
59 
59 
59 
59 
59 
59 
59 
59 
59 
59 
59 
59 
59 
59 
59 
59 
59 
59 
59 
59 
59 
59 
59 
59 
59 
59 
59 
59 
59 
59 
59 
59 
59 
59 
59 
59 
59 
59 
59 
59 
59 
59 
59 
59 
59 
59 
59 
59 
59 
59 
58 
58 
58 
58 
58 
58 
58 
58 
58 
58 
58 
58 
58 
58 
58 
58 
58 
58 
58 
58 
58 
58 
58 
58 
58 
58 
58 
58 
58 
58 
58 
58 
58 
58 
58 
58 
58 
58 
58 
58 
58 
58 
58 
58 
58 
58 
58 
58 
58 
58 
58 
58 
58 
58 
58 
58 
58 
58 
58 
58 
58 
58 
58 
58 
58 
58 
58 
58 
58 
58 
58 
58 
58 
58 
58 
58 
58 
58 
58 
58 
58 
58 
58 
58 
58 
58 
58 
58 
58 
58 
58 
58 
58 
58 
58 
58 
58 
58 
58 
58 
58 
58 
58 
58 
58 
58 
58 
58 
58 
58 
58 
58 
58 
58 
