-0.211384996772 26.9725704193 -7.44489526749
0.0 -0.281563550234 -1.6970179081
0.0 0.276235550642 1.69791710377
10.5576324463 -1.1408700943 2.16059350967
-10.5576000214 -1.14087176323 2.16059446335
0.0 -1.66351282597 -0.68037879467
5.52928876877 1.7763568394e-15 0.0
1.99008083344 -4.47366110166e-05 0.0
-1.97065019608 8.81385421753 0.0207099914551
7.74338340759 1.11022302463e-15 -3.5527136788e-15
-7.74337673187 4.77395542475e-06 3.5527136788e-15
4.50752782822 -8.881784197e-16 -2.00174447161e-15
5.41508483887 4.97379915032e-14 -3.77928181024e-16
0.319724321365 5.89566469193 -0.0188827514648
2.03936457634 4.47366110166e-05 0.0
3.14041852951 -1.18255150318 -5.84540843964
3.14043498039 -1.18251848221 5.84540987015
3.06173968315 7.44725847244 -6.78689289093
3.0617454052 7.44727516174 6.78689002991
5.46262645721 -4.4408920985e-16 0.0
-5.4626288414 8.40509437694e-06 0.0
3.69484210014 -8.881784197e-16 -1.16856728931e-15
5.52734708786 4.4408920985e-14 -6.03863499443e-16
0.86956590414 3.82511734962 -0.0189434289932
3.01301813126 -3.5527136788e-15 0.0
0.0635707229376 9.32952880859 0.0188827514648
4.18963098526 0.0 1.67410576344
-4.18965101242 8.25843890198e-05 -1.67410004139
4.70974445343 -0.18764385581 0.168625786901
-4.70972108841 0.18761575222 -0.168623775244
1.95938313007 -8.881784197e-16 3.5527136788e-15
-1.95938289165 1.97076110453e-06 -7.1054273576e-15
5.72545146942 -1.39888101103e-13 -1.17962500878e-10
5.39168834686 5.3290705182e-15 -2.98850820901e-15
0.924435734749 2.26600813866 -0.0188829898834
3.38568782806 -3.5527136788e-15 0.0
2.69737935066 9.79657745361 0.0188827514648
3.12307667732 -0.573867559433 0.517691016197
-3.12305998802 0.57380002737 -0.517690002918
1.95387995243 -0.0204068683088 -0.0822445079684
-1.95384633541 0.0204523168504 0.08224529773
2.89763784409 2.01921812604e-15 -3.5527136788e-15
-2.89763689041 -4.08727004242e-07 0.0
-4.15785217285 2.628947258 0.0
1.37799572945 -1.36162316799 0.0
5.93575620651 -1.7763568394e-15 7.1054273576e-15
-5.93577098846 3.32140780301e-06 1.7763568394e-15
2.36101007462 -0.0452572405338 -0.0344846211374
-2.36106801033 0.0452884584665 0.0345195680857
3.91325354576 -3.5527136788e-15 0.0
1.06914067268 -0.544427096844 -6.21677494049
1.06913685799 -0.544443488121 6.21677017212
4.8058886528 1.33226762955e-15 0.0
4.37207460403 -1.7763568394e-15 -3.5527136788e-15
-4.37208271027 8.3814466052e-06 3.5527136788e-15
2.21761083603 -1.7763568394e-15 3.10862446895e-15
-2.21756649017 -4.37596863776e-05 -1.78243099072e-05
3.24720597267 0.0 0.0
0.00133223156445 -0.00610471470281 5.01065254211
-0.0391024872661 0.00608838023618 -5.01065635681
3.50819587708 3.99680288865e-15 0.0
0.0143133355305 -0.0271057542413 0.667648851871
-0.0142999999225 0.0271000005305 -0.667599976063
0.580060362816 1.42108547152e-14 -8.881784197e-16
0.271429687738 1.34554195404 0.397844910622
-0.580070614815 -2.17684428208e-05 -2.43951762968e-06
-0.27141264081 -1.34555768967 -0.397844403982
4.35526180267 -7.1054273576e-15 0.0
2.28676009178 1.66533453694e-15 0.0
1.58769929409 0.0458407998085 3.5527136788e-15
1.44231832027 0.0458407998085 -0.763383805752
1.48521113396 0.0458407998085 0.736525714397
-1.5877661705 -0.0458399988711 6.6052263719e-05
-1.44235670567 -0.0458399988711 0.763464212418
-1.48521912098 -0.0458399988711 -0.736505687237
2.34468793869 0.0 -1.7763568394e-15
1.23053467274 0.126528039575 -0.0962759405375
1.56681978703 0.753665149212 0.407812297344
-2.34468579292 -1.36096025471e-06 -5.28721393493e-05
-1.23055529594 -0.126571521163 0.0962343215942
-1.56686198711 -0.753690600395 -0.407846689224
3.19586753845 -3.5527136788e-15 0.0
0.75011998415 -0.0630310997367 -1.06581410364e-14
0.661806344986 -0.0630310997367 0.0
0.697013556957 -0.0630310997367 0.0
-0.750100016594 0.0630299970508 1.95399252334e-14
-0.661813139915 0.0630299970508 -6.93271140335e-05
-0.697012543678 0.0630299970508 -2.92556869681e-05
2.76299786568 -1.7763568394e-15 1.7763568394e-15
2.32546496391 -3.5527136788e-15 3.5527136788e-15
1.81734311581 0.0 -2.6645352591e-15
-2.76296067238 -1.70027105924e-05 2.60821639131e-06
-2.32551431656 2.43902231887e-05 -1.74115775735e-05
-1.81727194786 -3.06158435706e-05 1.94431195268e-05
0.946781337261 -0.131792291999 0.0
0.844449937344 -0.131792291999 1.59872115546e-14
0.879522025585 -0.131792291999 -7.1054273576e-15
-0.946728169918 0.13178999722 -1.76917837962e-05
-0.844392597675 0.13178999722 3.88089683838e-05
-0.879597008228 0.13178999722 3.7261412217e-05
2.83354735374 0.0 -5.3290705182e-15
2.95485925674 3.5527136788e-15 1.7763568394e-15
3.89534091949 0.0 -8.881784197e-16
-2.83359479904 8.66507946284e-07 3.79770826839e-05
-2.95482230186 1.95247736201e-07 3.98494739784e-05
-3.89538955688 5.06844189658e-05 -5.59394857191e-06
3.66071009636 -3.5527136788e-15 -1.7763568394e-15
3.82209444046 -7.1054273576e-15 0.0
4.65648508072 -7.1054273576e-15 3.5527136788e-15
-3.6606836319 -2.41618909058e-05 2.37371182266e-06
-3.8220872879 3.461721235e-06 1.86953948287e-05
-4.65653133392 -2.33400169236e-05 -2.07059292734e-05
2.67124176025 0.0 1.7763568394e-15
4.76308393478 1.7763568394e-15 -7.1054273576e-15
4.52477216721 1.06581410364e-14 -3.5527136788e-15
-2.67131853104 2.67869290838e-05 2.05512624234e-05
-4.76309967041 9.7846486824e-06 6.05935929343e-06
-4.52469825745 2.02496139536e-05 4.42814744019e-05
1.93617165089 -5.3290705182e-15 3.5527136788e-15
1.27687239647 1.42108547152e-14 1.7763568394e-15
-1.93614840508 -6.01552164881e-06 -6.01478677709e-05
-1.27691268921 -1.40064057632e-05 -1.99639198399e-05
