-0.13100682456 0.0 0.0 0.991381466399
-0.188407790544 0.680959533205 -0.187709256841 0.682320931451
-0.116526178062 -0.697439352077 0.116526178062 0.697439352077
0.454638786236 -0.54200623589 -0.444547022455 0.549464065371
-0.542006773611 -0.454638138826 0.549464612409 0.444546352807
-0.432608840526 0.559329590759 -0.432608840526 0.559329590759
-0.000243306492796 -0.000894293963884 -0.190921599167 0.981604851257
0.0 0.0 0.0 1.0
0.116526178062 0.697439352077 -0.116526178062 0.697439352077
0.904865837751 -0.425696858892 3.28172861373e-18 6.1144335093e-17
0.904864576507 -0.425699539797 -3.28190977011e-18 -6.11443253697e-17
-0.67464965026 0.738138096432 5.49955726042e-09 -5.02653148546e-09
-2.40247000134e-05 -0.000998063865293 -0.0877338985028 0.996143446671
0.00736449712961 -0.707068429632 0.00736449712961 0.707068429632
0.0 0.0 -0.191937076121 0.98140723393
0.0170808386327 0.70690044911 -0.213645914157 0.674058916834
0.70690044911 -0.0170808386327 -0.674058916834 -0.213645914157
0.539758768634 0.485718651253 -0.0650730409599 0.684473054874
-0.467157563242 0.628931241331 0.610429306857 0.116556278741
0.867080615974 -0.498088821341 -0.00881670518337 -0.000998582838561
0.949949923099 -0.312402214469 -9.72061946675e-17 -9.64258938332e-17
0.0 0.0 -0.000691317561286 0.99999976104
0.000197066810365 -0.00123789675915 -0.0409369472487 0.999160945557
0.00541105613581 -0.70708607713 0.00541105613581 0.70708607713
0.0 0.0 0.0741901802272 0.997244111117
0.107030250885 0.69895960212 -0.107030250885 0.69895960212
0.0 0.0 0.140919117153 0.990021112109
0.0 0.0 0.140919117153 0.990021112109
-0.104524785063 -0.116562586862 -0.012106412298 0.987593624642
-0.104524785063 -0.116562586862 -0.012106412298 0.987593624642
0.0 0.0 0.557328574934 0.830292032698
0.0 0.0 0.557328574934 0.830292032698
-0.0585136199235 0.704681594009 0.0585136190516 0.704681604509
-0.0166457325181 -0.706910828598 -0.0166457325181 0.706910828598
-0.0166457325181 -0.706910828598 -0.0166457325181 0.706910828598
0.0 0.0 -0.632422826238 0.774623372261
0.15859122626 0.68909275352 -0.15859122626 0.68909275352
-0.539525559557 0.434102247174 0.542709567972 -0.475324872497
0.593060061904 -0.453261562625 -0.473743888951 0.467333335536
-0.0870947602427 -0.0845811954747 0.0326367298252 0.992066211488
-0.0870947602427 -0.0845811954747 0.0326367298252 0.992066211488
-0.632573777404 0.774500107257 3.87339725861e-17 4.74244538646e-17
-0.632573777404 0.774500107257 3.87339725861e-17 4.74244538646e-17
0.0 0.0 0.434763950669 0.900544450429
0.0 0.0 0.0261693123199 0.999657524902
0.0 0.0 0.386350757762 0.922351934988
1.60269856371e-16 -6.5641212603e-17 0.386350757762 0.922351934988
0.0760403630954 0.080643829436 -0.0205125195798 0.99362652566
0.0760403630954 0.080643829436 -0.0205125195798 0.99362652566
0.0 0.0 -0.452550733085 0.891738657895
-0.00614805735393 0.707080053028 0.00614805735393 0.707080053028
-0.707080053028 -0.00614805735393 0.707080053028 -0.00614805735393
0.0 0.0 0.172180121092 0.985065483052
0.00519889296922 0.707087668901 -0.00519889296922 0.707087668901
0.00519889296921 0.707087668901 -0.00519889296921 0.707087668901
0.0313866970678 0.195507830798 -0.582590378845 0.788276609967
0.0313866970678 0.195507830798 -0.582590378845 0.788276609967
0.0 0.0 0.465480606741 0.885058079873
0.0 0.0 0.0 1.0
1.0 0.0 0.0 5.83439206801e-15
0.0 0.0 0.0747553625971 0.997201903209
0.0 -0.710342848862 0.0 0.703855835431
0.0 -0.710342848862 0.0 0.703855835431
-0.429301288513 0.506156589353 -0.180291224332 0.725948335051
-0.213619382617 0.20430698462 -0.325492520775 0.898153680795
-0.429301288513 0.506156589353 -0.180291224332 0.725948335051
-0.213619382617 0.20430698462 -0.325492520775 0.898153680795
0.0 0.0 0.042108960087 0.999113024377
-0.129674366547 0.695114780925 0.129674366547 0.695114780925
0.0 0.00458701118676 0.0 0.999989479609
0.0 0.212622307606 0.0 0.977134460711
0.0 -0.220731119746 0.0 0.975334697822
0.0 0.00458701118676 0.0 0.999989479609
0.0 0.212622307606 0.0 0.977134460711
0.0 -0.220731119746 0.0 0.975334697822
-0.0752361165539 0.0479051949482 -0.0566957815548 0.994399420463
-0.0978452718427 0.0596907656552 0.131083580892 0.984723519621
0.111072463405 -0.0968300872787 0.293768629993 0.944450546139
-0.0752361165539 0.0479051949482 -0.0566957815548 0.994399420463
-0.0978452718427 0.0596907656552 0.131083580892 0.984723519621
0.111072463405 -0.0968300872787 0.293768629993 0.944450546139
0.0 0.0 -0.485077192227 0.874471336055
0.0 -0.00384606850576 0.0 0.999992603851
0.0 -0.000996487079848 0.0 0.999999503507
0.0 0.00458542381116 0.0 0.999989486889
0.0 -0.00384606850575 0.0 0.999992603851
0.0 -0.000996487079848 0.0 0.999999503507
0.0 0.00458542381116 0.0 0.999989486889
-0.124583471043 0.0731065172888 0.0204074375218 0.989301739798
-0.0536829870382 0.0372231878053 -0.0736176155095 0.995144722078
0.00251887485736 -0.0035332163537 -0.067053115743 0.997739971797
-0.124583471043 0.0731065172888 0.0204074375218 0.989301739798
-0.0536829870382 0.0372231878053 -0.0736176155095 0.995144722078
0.00251887485733 -0.0035332163537 -0.067053115743 0.997739971797
0.0 0.709821132441 0.0 0.704381970198
0.0 -0.211648500175 0.0 0.977345850952
0.0 0.216256476228 0.0 0.976336589752
0.0 0.709821132441 0.0 0.704381970198
0.0 -0.211648500175 0.0 0.977345850952
0.0 0.216256476228 0.0 0.976336589752
-0.015021466825 0.00938507578841 0.0071503153081 0.999817557796
-0.105501033506 0.0571098971622 -0.0360077522189 0.992124706554
0.000193226136043 -0.000194216464704 -0.0962490277902 0.99535724722
-0.015021466825 0.00938507578841 0.0071503153081 0.999817557796
-0.105501033506 0.0571098971622 -0.0360077522189 0.992124706554
0.000193226136043 -0.000194216464697 -0.0962490277902 0.99535724722
-0.0942714481398 0.057371100789 -0.0187746835602 0.993714728741
-0.138097564666 0.0649484637341 -0.0200253070282 0.988083876384
-0.0630576670443 0.0442222533021 -0.0796365609196 0.993844123142
-0.0942714481398 0.057371100789 -0.0187746835602 0.993714728741
-0.138097564666 0.0649484637341 -0.0200253070282 0.988083876384
-0.0630576670442 0.0442222533021 -0.0796365609196 0.993844123142
-0.115913957465 0.978374084457 -0.136820362976 -0.103093615721
-0.0660108450178 0.0334836969292 0.0499193356638 0.996006762179
0.0337309925487 -0.0196321431339 -0.00453983177662 0.999227796363
-0.115913957465 0.978374084457 -0.136820362976 -0.103093615721
-0.0660108450178 0.0334836969292 0.0499193356638 0.996006762179
0.0337309925487 -0.0196321431339 -0.00453983177662 0.999227796363
0.505052086687 -0.536037827764 0.197090270961 0.647102203699
0.121087375034 -0.209476059464 0.485583696416 0.840039345444
0.505052086687 -0.536037827764 0.197090270961 0.647102203699
0.121087375034 -0.209476059464 0.485583696416 0.840039345444
