4 10 6 12 
4 10 16 2 7 13 19 
4 10 16 2 7 13 19 14 
4 10 16 2 7 13 19 14 
4 10 16 2 7 13 19 
4 10 16 2 7 13 19 
4 10 16 2 13 19 
4 10 16 11 17 2 13 19 14 
4 10 16 17 2 13 19 14 
4 10 16 17 2 7 13 19 14 
4 10 16 2 7 13 19 14 
4 10 16 2 7 13 19 14 
4 10 16 2 13 19 
4 10 16 17 2 13 19 
10 16 22 2 13 
10 16 22 17 2 13 
4 10 16 11 17 2 13 19 14 
4 10 16 2 13 19 
4 10 16 2 13 19 
10 16 13 
10 16 2 7 13 19 
10 16 2 7 13 19 
10 16 2 7 13 19 
10 16 2 7 13 19 
10 16 2 7 13 19 14 
10 13 19 25 
10 16 13 19 25 14 
10 13 19 25 
10 16 13 19 25 
10 13 19 
10 16 13 19 25 14 20 
10 16 2 13 19 25 14 20 
10 16 13 19 25 14 20 
10 16 2 13 19 25 14 20 
13 19 25 14 20 
10 16 2 7 13 19 14 20 
10 16 2 7 13 19 14 20 
10 16 
10 16 
10 16 
10 16 
10 16 
4 10 16 
4 10 16 
0 4 10 16 11 
0 10 16 11 
0 4 10 16 11 
0 10 16 11 
10 16 
0 4 10 
0 4 10 
0 4 10 11 
0 4 10 16 11 
0 4 10 16 11 
4 10 
0 4 10 
0 4 10 
4 10 
4 10 
4 10 
4 10 
3 4 10 
0 3 9 4 10 
0 3 9 4 10 
0 4 10 
0 4 10 
4 10 
0 3 9 4 10 
0 3 4 10 11 
0 3 9 4 10 11 
0 3 9 4 10 11 
0 3 9 4 10 
0 3 9 4 10 
0 3 9 4 10 
13 19 
13 19 
13 19 
13 19 
13 19 
13 19 
12 13 19 
12 13 19 
12 13 19 
12 13 19 
12 13 19 
13 19 
12 18 13 19 14 20 
12 13 19 14 
12 18 13 19 14 
12 18 13 19 14 
12 18 13 19 14 
12 13 19 14 
13 19 14 
12 13 19 14 20 
4 10 16 
10 16 
10 16 
10 16 
4 10 16 
4 10 16 
4 10 
4 10 
4 10 
4 10 16 13 
4 10 16 13 
4 10 16 2 13 
4 10 16 13 
4 10 16 13 
4 10 16 13 
10 16 
4 10 16 13 
4 10 16 2 7 13 19 
4 10 16 2 7 13 19 
4 10 16 2 7 13 19 
4 10 16 2 7 13 19 
4 10 16 2 7 13 19 
4 10 16 2 13 
4 10 16 2 13 
4 10 16 2 7 13 19 
4 10 16 2 7 13 
4 10 16 2 7 13 
4 10 16 2 7 13 
4 10 16 2 7 13 19 
4 10 16 2 7 13 19 
0 4 10 16 2 7 13 19 
0 4 10 16 2 7 13 
0 4 10 16 2 7 13 
0 1 4 10 2 7 13 
0 1 4 10 2 7 13 
0 1 4 10 2 7 13 
0 1 4 10 2 7 13 
0 1 4 10 2 7 13 
0 4 10 16 2 7 13 
0 4 10 16 2 7 13 19 
0 4 10 16 2 7 13 19 
4 10 16 2 7 13 
4 10 16 2 13 
0 4 10 16 2 7 13 
4 10 16 2 13 
0 1 4 10 2 7 13 
0 1 4 10 2 7 13 
1 4 10 2 13 
4 10 
4 10 
4 10 
4 10 
4 10 
4 10 
4 10 2 
1 4 10 2 
4 10 13 
4 10 
4 10 
13 19 
13 19 
13 19 
13 19 
13 19 
13 19 
13 19 
10 13 19 
10 13 19 
13 19 
13 19 
13 19 
7 13 19 
13 19 
10 7 13 19 
13 19 
13 19 
7 13 
7 13 
12 7 13 
12 7 13 
7 13 
7 13 
7 13 
7 13 
7 13 
12 7 13 19 
7 13 
7 13 
7 13 
7 13 19 
7 13 
7 13 
7 13 
4 10 2 7 13 
4 10 2 7 13 
4 10 2 7 13 
10 2 7 13 
4 10 2 7 13 19 
10 2 7 13 
10 2 7 13 
10 2 7 13 
10 2 7 13 19 
10 2 7 13 19 
10 2 7 13 19 
10 2 7 13 19 
4 10 2 7 13 19 
4 10 16 2 7 13 19 
4 10 16 2 7 13 19 
10 16 2 7 13 19 
10 16 2 7 13 19 
10 16 2 7 13 19 
4 10 16 2 7 13 19 
10 7 13 19 
10 7 13 19 
10 13 19 
0 1 3 9 4 10 2 
0 1 3 9 4 10 2 
1 3 9 4 10 2 
0 1 3 9 4 10 2 
0 1 3 9 4 10 2 
0 1 3 4 10 2 
0 1 3 4 10 2 
0 1 3 9 4 2 
0 1 3 9 4 2 
0 1 3 9 4 2 
0 1 3 9 4 10 2 
1 3 9 4 10 2 
0 1 4 2 7 
0 1 4 10 2 7 
0 1 3 4 2 
0 1 3 4 10 2 
0 1 3 4 2 
0 1 3 4 10 2 7 
0 1 3 4 10 2 7 
0 1 4 10 2 7 
0 1 4 10 2 7 13 
0 1 4 10 2 7 13 
0 1 4 10 2 7 13 
0 1 4 10 2 7 13 
0 1 4 10 2 7 13 
0 1 4 10 2 7 13 
0 1 4 2 7 13 
0 1 4 10 2 7 
0 1 4 10 2 7 
0 1 4 10 2 7 13 
0 1 4 2 7 
0 1 4 2 7 
0 1 4 2 7 
0 1 4 2 7 
0 1 4 2 7 
0 1 2 7 13 
0 1 2 7 
6 7 13 
2 6 7 13 
6 12 7 13 
6 12 7 13 
6 12 7 13 
6 12 7 13 
6 12 7 13 
2 6 7 13 
2 6 7 13 
2 6 7 13 
2 6 7 13 
2 6 7 13 
2 6 7 13 
2 6 7 13 
2 6 12 7 13 
2 6 12 7 13 
2 6 7 13 
6 12 7 13 
6 12 7 13 
6 12 7 13 
1 2 6 7 13 
0 1 4 2 7 13 
0 1 4 10 2 7 13 
1 2 7 13 
1 2 6 7 13 
2 6 7 
1 2 6 7 13 
1 2 6 7 
1 2 6 7 13 
2 6 7 13 
2 6 7 13 
2 6 7 
2 6 7 13 
2 6 7 13 
0 1 4 10 2 7 13 
0 1 4 10 2 7 13 
0 1 4 10 2 7 13 
0 1 4 10 2 7 13 
0 1 4 10 2 7 13 
0 1 4 10 2 7 13 
0 1 4 10 2 7 13 
0 1 4 10 2 7 13 
0 1 4 10 2 7 13 
0 1 4 10 2 7 13 
0 1 4 10 2 7 13 
0 1 4 10 2 7 13 
0 1 4 10 2 7 13 
0 1 4 10 2 7 13 
7 13 
7 13 
2 7 13 
7 13 
7 13 
2 6 7 13 
6 7 13 
2 6 7 13 
6 12 7 13 
6 7 13 
6 12 7 13 
6 12 7 13 
7 13 
6 12 7 13 
0 3 9 4 10 
1 3 9 4 10 
3 9 4 10 
1 3 9 4 10 
3 9 4 10 
1 3 9 4 10 
1 3 9 4 10 
1 3 9 4 
1 3 9 4 10 
1 3 9 4 10 2 
1 3 4 10 
1 3 9 4 10 2 
1 3 9 4 10 
1 3 4 10 
2 7 13 
2 7 13 
1 10 2 7 13 
10 2 7 13 
2 7 13 
0 1 4 10 2 7 13 
0 1 4 10 2 7 13 
0 1 4 10 2 7 13 
1 4 10 2 
0 1 4 10 2 
0 1 4 10 2 7 
1 3 4 10 2 
1 4 10 
0 1 3 4 10 2 
0 1 3 4 10 2 
0 1 4 10 2 7 
0 3 9 4 10 
0 3 9 4 10 
0 3 9 4 10 
0 3 9 4 10 
1 3 9 4 10 
3 9 4 
1 3 9 4 
0 3 9 4 
1 3 9 4 
0 3 9 4 10 
1 3 9 4 
1 3 9 4 
1 3 9 4 
1 3 9 4 
1 3 9 4 
1 3 9 4 
1 3 9 4 
3 9 4 
3 9 4 
3 9 4 
3 9 4 
3 9 4 
3 9 15 4 
3 9 15 4 
3 9 15 4 
3 9 15 
3 9 15 
3 9 15 4 
1 3 9 15 4 
1 3 9 4 
1 3 9 4 
3 9 15 4 
1 3 9 4 
1 3 9 4 
3 9 
3 9 4 
0 3 9 4 
0 3 9 4 
3 9 
3 9 
3 9 
3 9 
3 9 
3 9 
3 9 15 
3 9 15 
3 9 15 
3 9 15 
3 9 15 
3 9 15 
3 9 15 
3 9 15 
3 9 15 
3 9 15 
3 9 15 
3 9 15 
3 9 15 
3 9 15 
3 9 15 
3 9 15 
3 9 15 
3 9 15 
3 9 15 
3 9 15 
3 9 15 
3 9 15 
3 9 15 
3 9 15 
16 22 
16 22 
16 22 
16 22 
16 22 
16 22 
16 22 
16 22 
16 22 
16 22 
16 22 
16 22 
16 22 
16 22 
16 22 
16 22 
16 22 
16 22 
16 22 
16 22 
19 25 
19 25 
19 25 
19 25 
19 25 
19 25 
19 25 
19 25 
19 25 
19 25 
19 25 
19 25 
19 25 
19 25 
19 25 
19 25 
19 25 
19 25 
19 25 
19 25 
13 19 25 
13 19 25 
13 19 25 
13 19 25 
13 19 25 
13 19 25 
13 19 
13 19 25 
13 19 
19 25 
19 25 
19 25 
19 25 
19 25 
13 19 25 14 20 
13 19 25 14 20 
13 19 25 14 20 
13 19 14 20 
13 19 25 14 
13 19 25 
13 19 25 
13 19 25 14 20 
13 19 25 14 20 
13 19 25 
13 19 25 
13 19 25 14 20 
19 25 
19 25 
19 25 
13 19 25 
19 25 
13 19 25 
13 19 25 
13 19 25 
19 25 
19 25 
13 19 25 
19 25 
13 19 25 
13 19 25 
13 19 25 
13 19 25 
19 25 
19 25 
13 19 25 
19 25 
13 19 
10 16 22 
10 16 22 
10 16 22 13 
10 16 22 
10 16 22 
10 16 22 
10 16 22 
10 16 22 
10 16 22 
10 16 22 
10 16 22 
10 16 22 
10 16 22 
10 16 22 
10 16 22 
10 16 22 
10 16 22 
10 16 22 
10 16 22 
10 16 22 
10 16 22 
16 22 
10 16 22 
16 22 
16 22 
10 16 22 
10 16 22 
10 16 22 
10 16 22 
10 16 22 13 
10 16 22 
10 16 22 
16 22 
10 16 22 
10 16 22 
10 16 22 13 
10 16 22 
10 16 22 
10 16 11 17 
10 16 11 17 
10 16 22 
16 22 
16 22 
10 16 22 
16 22 
10 16 11 17 
10 16 22 
3 9 15 
3 9 15 
3 9 15 
3 9 15 
3 9 15 
3 9 15 
3 9 15 
3 9 15 
3 9 15 
3 9 15 
3 9 15 
3 9 15 
3 9 15 
3 9 15 
3 9 15 
3 9 15 
3 9 15 
3 9 15 
3 9 15 
3 9 15 
3 9 15 
3 9 15 
9 15 
9 15 
9 15 
3 9 15 
3 9 15 
3 9 15 
3 9 15 
3 9 15 
3 9 15 
9 15 
3 9 15 
3 9 15 
3 9 15 
3 9 15 
9 15 
9 15 
9 15 
3 9 15 
3 9 15 
3 9 15 
3 9 15 
3 9 15 
3 9 15 
3 9 15 
3 9 15 
3 9 15 
3 9 15 
3 9 15 
3 9 15 
3 9 15 
3 9 15 
9 15 
9 15 
9 15 
9 15 
9 15 
9 15 
9 15 
9 15 
9 15 
9 15 
9 15 
9 15 
9 15 
3 9 15 
0 1 3 9 2 
0 1 3 9 4 2 
0 1 3 9 4 5 2 
0 1 3 9 4 2 
1 3 9 4 2 
1 3 9 4 2 
0 1 3 9 4 2 
0 1 3 4 2 
0 1 3 4 2 
0 1 4 2 
0 1 2 
0 1 3 2 
0 1 3 9 4 2 
0 1 3 4 2 
0 1 4 2 
0 1 3 9 4 2 
1 3 9 4 2 
1 2 6 7 8 
1 2 6 7 8 
2 6 7 8 
2 6 7 8 
0 1 2 6 7 
0 1 2 6 7 
1 2 6 7 
2 6 7 8 
2 6 7 8 
2 6 7 8 
2 6 7 8 
2 6 7 8 
2 6 7 
2 6 7 
2 6 7 
1 2 6 7 
0 1 2 6 7 
2 6 7 8 
2 6 7 8 
2 6 12 7 8 
2 6 12 7 8 
2 6 7 8 
6 12 7 
6 12 7 
6 12 7 
6 12 7 
6 12 7 8 
6 12 7 13 
2 6 12 7 13 
6 12 7 13 
2 6 7 
0 10 16 11 17 
0 10 16 11 17 
0 10 16 11 17 
0 10 16 11 17 
10 16 11 17 
0 10 16 11 17 
0 10 16 11 17 
0 10 16 11 17 
0 10 16 11 17 
0 10 16 11 17 
0 10 16 11 17 
0 10 16 11 17 
0 10 16 11 17 
10 16 11 17 
0 10 16 11 17 
10 16 11 17 
10 16 11 17 13 
13 19 14 20 
12 13 19 14 20 
13 19 14 20 
12 13 19 14 20 
12 13 19 14 20 
12 13 19 14 20 
12 13 19 14 20 
13 19 25 14 20 
13 19 14 20 
13 19 14 20 
13 19 14 20 
13 19 14 20 
13 19 14 20 
13 19 25 14 20 
13 19 25 14 20 
12 13 19 14 20 
12 13 19 14 20 
0 1 2 
0 1 2 
0 1 2 
0 1 2 
0 1 2 
0 1 2 7 
0 1 2 7 
0 1 2 
0 1 2 7 
0 1 2 7 
0 1 4 2 
1 3 9 4 5 
1 3 9 4 
1 3 9 4 5 
1 3 9 4 
1 3 9 4 
1 3 9 4 
1 3 9 4 
1 3 9 4 
1 3 9 4 
1 3 9 4 5 
1 3 9 4 
1 3 9 4 
1 3 9 4 
1 3 9 4 
1 3 9 
1 3 9 
1 3 9 4 
1 3 9 
1 3 9 15 
1 3 9 15 
1 3 9 15 4 
1 3 9 4 
1 3 9 4 
1 3 9 
1 3 9 4 
1 3 9 4 
1 3 9 15 4 
1 3 9 15 4 
3 9 15 
3 9 15 
3 9 15 
3 9 15 
3 9 15 
3 9 15 
3 9 15 
3 9 15 
9 15 
9 15 
9 15 
9 15 
3 9 15 
3 9 15 
3 9 15 
3 9 15 
9 15 
3 9 15 
3 9 15 
3 9 15 
3 9 15 
3 9 15 
3 9 15 
3 9 15 
3 9 15 
3 9 15 
3 9 15 
3 9 15 
3 9 15 
3 9 15 
3 9 15 
3 9 15 
3 9 15 
3 9 15 
12 18 13 19 14 20 
12 18 13 19 14 20 
12 18 13 19 14 20 
12 18 13 19 14 20 
12 18 13 19 14 20 
12 18 13 19 14 20 
12 18 13 19 14 20 
12 18 13 19 14 20 
12 18 13 19 14 20 
12 18 13 19 14 20 
12 18 13 19 14 20 
12 13 19 14 20 
12 18 13 19 14 20 
12 18 13 19 14 
0 10 16 11 17 
0 10 16 11 17 
0 10 16 11 17 
0 10 16 11 17 
0 10 16 11 17 
0 3 4 10 16 11 
0 4 10 16 11 17 
0 4 10 16 5 11 
0 4 10 16 11 17 
0 10 16 11 17 
0 10 16 11 17 
0 4 10 16 11 
0 3 4 10 16 11 
0 10 16 11 17 
0 3 9 4 10 5 11 
0 3 9 4 10 5 11 
0 3 9 4 10 5 11 
0 3 9 4 10 5 11 
0 3 9 4 10 5 11 
0 3 9 4 10 5 11 
0 3 9 4 10 5 11 
0 3 9 4 10 5 11 
0 3 9 4 10 5 11 
0 3 9 4 10 5 11 
0 3 9 4 10 11 
0 3 9 4 10 11 
0 3 9 4 10 
0 3 9 4 10 11 
0 3 9 4 10 5 
0 3 9 4 10 5 11 
0 3 9 4 10 5 11 
0 3 9 4 10 5 11 
0 3 9 4 10 
0 3 9 4 10 
0 3 9 4 10 5 
0 3 9 4 
0 3 9 4 
0 3 9 4 5 
0 3 9 4 10 
0 3 9 4 10 
0 3 9 4 
0 3 9 4 10 
0 3 9 
0 3 9 4 
0 3 9 4 5 
0 3 9 4 
0 3 9 4 
3 9 
0 3 9 
0 3 9 
0 3 9 
0 3 9 
0 3 9 4 
0 3 9 
3 9 
0 3 9 4 
3 9 
3 9 
3 9 
3 9 
3 9 
3 9 15 
3 9 
3 9 15 
3 9 
3 9 
3 9 
3 9 15 
3 9 15 
3 9 
3 9 15 
3 9 15 
3 9 15 
3 9 15 
3 9 15 
3 9 15 
3 9 15 
3 9 15 
3 9 15 
3 9 15 
3 9 15 
1 3 9 15 
1 3 9 15 
1 3 9 15 
3 9 15 
3 9 15 
3 9 15 
3 9 15 
3 9 15 
3 9 15 
9 15 
9 15 
9 15 
9 15 
9 15 
9 15 
9 15 
3 9 15 
3 9 15 
3 9 15 
3 9 15 
3 9 15 
3 9 15 
3 9 15 
3 9 15 
3 9 15 
9 15 
9 15 
9 15 
9 15 
9 15 
9 15 
9 15 
9 15 
9 15 
9 15 
9 15 
9 15 
9 15 
9 15 
9 15 
9 15 
9 15 
9 15 
9 15 
9 15 
9 15 
9 15 
9 15 
9 15 
9 15 
9 15 
9 15 
9 15 
9 15 
9 15 
9 15 
9 15 
9 15 
9 15 
9 15 
9 15 
9 15 
9 15 
9 15 
9 15 
9 15 
9 15 
9 15 
9 15 
9 15 
9 15 
9 15 
9 15 
9 15 
9 15 
9 15 
9 15 
9 15 
9 15 
9 15 
9 15 
9 15 
9 15 
9 15 
9 15 
9 15 
9 15 
9 15 
9 15 
9 15 
9 15 
9 15 
9 15 
9 15 
9 15 
9 15 
9 15 
9 15 
9 15 
9 15 
9 15 
9 15 
9 15 
9 15 
9 15 
9 15 
9 15 
9 15 
9 15 
9 15 
9 15 
9 15 
9 15 
9 15 
9 15 
9 15 
9 15 
9 15 
9 15 
9 15 
9 15 
9 15 
9 15 
9 15 
9 15 
9 15 
9 15 
9 15 
9 15 
9 15 
9 15 
9 15 
9 15 
9 15 
9 15 
9 15 
9 15 
9 15 
9 15 
9 15 
9 15 
9 15 
9 15 
9 15 
9 15 
3 9 15 
9 15 
9 15 
9 15 
9 15 
9 15 
9 15 
9 15 
9 15 
9 15 
9 15 
9 15 
9 15 
9 15 
9 15 
9 15 
9 15 
9 15 
9 15 
9 15 
9 15 
9 15 
9 15 
9 15 
9 15 
9 15 
9 15 
9 15 
9 15 
9 15 
9 15 
9 15 
9 15 
9 15 
9 15 
9 15 
9 15 
9 15 
9 15 
9 15 
9 15 
9 15 
9 15 
9 15 
9 15 
9 15 
9 15 
9 15 
9 15 
9 15 
9 15 
9 15 
9 15 
9 15 
9 15 
9 15 
9 15 
9 15 
9 15 
9 15 
9 15 
9 15 
9 15 
9 15 
9 15 
9 15 
9 15 
9 15 
9 15 
9 15 
9 15 
9 15 
9 15 
9 15 
9 15 
9 15 
9 15 
9 15 
9 15 
9 15 
9 15 
9 15 
9 15 
9 15 
9 15 
9 15 
9 15 
9 15 
9 15 
9 15 
9 15 
9 15 
9 15 
9 15 
9 15 
9 15 
9 15 
9 15 
9 15 
9 15 
9 15 
9 15 
9 15 
9 15 
9 15 
9 15 
9 15 
9 15 
9 15 
9 15 
9 15 
9 15 
10 16 2 13 19 25 14 20 
10 16 2 7 13 19 14 20 
10 16 17 2 7 13 19 14 20 
10 16 11 17 2 7 13 19 14 20 
10 16 17 2 7 13 19 14 20 
10 16 2 13 19 25 14 20 
10 16 2 13 19 25 14 20 
10 16 13 19 25 14 20 
10 13 19 25 14 20 
10 16 17 2 13 19 25 14 20 
10 16 2 13 19 25 14 20 
10 16 11 17 2 13 19 25 14 20 
10 16 17 2 13 19 25 14 20 
10 16 2 13 19 25 14 20 
10 16 11 17 2 7 13 19 14 20 
10 16 11 17 2 13 19 14 20 
10 16 11 17 2 13 19 14 20 
13 19 25 14 20 
13 19 25 14 20 
13 19 25 14 20 
13 19 25 14 20 
13 19 25 14 20 
13 19 14 20 
13 19 14 20 
10 16 2 13 19 25 14 20 
10 13 19 25 14 20 
10 16 11 17 2 13 19 25 14 20 
13 19 25 14 20 
13 19 14 20 
10 16 13 19 25 14 20 
10 16 2 13 19 25 14 20 
0 10 16 11 17 2 13 
0 10 16 11 17 2 13 
0 10 16 11 17 2 
0 10 16 11 17 2 13 14 
0 10 16 11 17 2 13 14 
10 16 11 17 2 13 19 14 
0 10 16 11 17 2 13 14 
10 16 11 17 2 13 19 14 
10 16 11 17 2 13 
0 10 16 11 17 2 13 19 14 
0 10 16 11 17 2 13 19 14 
0 1 10 16 11 17 2 13 19 14 20 
0 1 10 16 11 17 2 13 19 14 20 
0 10 16 11 17 2 13 19 14 
0 10 16 11 17 2 13 14 
0 10 16 11 17 2 13 14 
0 1 10 16 11 17 2 13 19 14 20 
4 10 16 11 17 2 13 19 14 
4 10 16 11 17 2 13 19 14 
4 10 16 11 17 2 13 19 14 
4 10 16 11 17 2 7 13 19 14 20 
4 10 16 11 17 2 13 19 14 20 
4 10 16 11 17 2 13 19 14 20 
10 16 11 17 2 13 19 14 20 
4 10 16 11 17 2 13 19 14 20 
4 10 16 11 17 2 13 19 14 20 
4 10 16 11 17 2 13 19 14 
1 4 10 16 11 17 2 13 19 14 20 
10 16 11 17 2 13 19 14 20 
10 16 11 17 2 13 19 14 20 
10 16 11 17 2 13 19 14 20 
10 16 11 17 2 13 19 14 20 
10 16 11 17 2 13 19 25 14 20 
10 16 11 17 2 13 19 14 20 
10 16 11 17 2 13 19 14 20 
10 16 11 17 2 13 19 14 20 
10 16 11 17 2 13 19 14 20 
10 16 11 17 2 13 19 14 20 
10 16 11 17 2 13 19 25 14 20 
10 16 11 17 2 13 19 14 20 
10 16 11 17 2 13 19 14 20 
10 16 11 17 2 13 19 25 14 20 
10 16 11 17 2 13 19 14 20 
10 16 11 17 2 13 19 14 20 
1 10 16 11 17 2 13 19 14 20 
1 10 16 11 17 2 13 19 14 20 
10 16 11 17 2 13 19 14 20 
0 1 10 16 11 17 2 13 19 14 20 
0 1 10 16 11 17 2 13 19 14 20 
0 1 10 16 11 17 2 13 19 14 20 
10 16 11 17 2 13 19 14 20 
0 1 10 16 11 17 2 13 19 14 20 
10 16 11 17 2 13 19 14 20 
6 12 18 7 13 
6 12 18 7 13 
6 12 18 7 13 
6 12 18 7 13 
6 12 18 7 13 
6 12 18 7 13 
6 12 18 7 13 
6 12 18 7 13 
6 12 18 7 13 
6 12 18 7 13 
6 12 18 7 13 
6 12 18 7 13 
6 12 18 7 13 
6 12 18 7 13 
6 12 18 7 13 
6 12 18 7 13 
6 12 18 7 13 
6 12 18 7 13 
6 12 18 7 13 
6 12 18 7 13 
6 12 18 7 13 
6 12 18 7 13 
6 12 18 7 13 14 
6 12 18 7 13 
12 18 7 13 19 
12 18 7 13 19 14 
12 18 7 13 19 14 
12 7 13 
12 7 13 19 
6 12 7 13 
6 12 7 13 
6 12 7 13 
6 12 18 7 13 
6 12 18 7 13 
6 12 7 13 
6 12 7 13 
6 12 7 13 
6 12 7 13 
6 12 7 13 
6 12 18 7 13 
6 12 7 13 
6 12 18 7 13 
6 12 18 7 13 
6 12 18 7 13 
6 12 18 13 
6 12 18 
6 12 18 13 
12 18 
6 12 
6 12 
6 12 18 
6 12 18 7 13 
6 12 18 7 13 
6 12 18 7 13 
6 12 7 13 
6 12 7 13 
6 12 7 
6 12 
12 18 13 19 14 
12 18 13 19 14 
12 18 13 14 
12 18 13 14 
12 18 13 14 
6 12 18 7 13 14 
12 18 13 19 14 
12 18 13 
12 18 13 14 
6 12 18 13 
6 12 18 7 13 14 
12 18 13 14 
12 18 13 14 
12 18 13 
6 12 18 7 13 
6 12 18 7 13 
12 18 13 
6 12 18 13 
12 18 13 
6 12 18 7 13 
6 12 18 7 13 
6 12 18 13 
12 18 13 
12 18 13 
12 18 13 
12 18 13 
12 18 
12 18 13 
12 18 13 
12 18 13 
12 18 13 
12 18 
6 12 18 13 
12 18 13 
12 18 
12 18 
12 18 
12 18 
12 18 
12 18 
12 18 
12 18 
12 18 
12 18 
12 18 
12 18 13 
12 18 13 
12 18 
12 18 
12 18 
12 18 13 
12 18 13 
12 18 
12 18 
12 18 
12 18 13 
12 18 
12 18 
12 18 
12 18 
12 18 
12 18 
18 
18 
18 
18 
12 18 
18 
18 
12 18 
5 11 17 2 8 14 20 
5 11 17 2 14 20 
5 11 17 2 8 14 20 
5 11 17 2 8 14 20 
5 11 17 2 13 8 14 20 
5 11 17 2 8 14 20 
5 11 17 2 13 8 14 20 
11 17 23 2 14 
5 11 17 2 14 20 
11 17 14 
5 11 17 2 14 20 
5 11 17 2 14 20 
10 16 5 11 17 2 13 14 20 
10 16 5 11 17 2 13 14 20 
16 5 11 17 2 14 20 
16 5 11 17 2 13 14 20 
16 11 17 23 2 14 
5 11 17 2 13 8 14 20 
5 11 17 2 13 8 14 20 
16 5 11 17 2 13 8 14 20 
11 17 2 13 8 14 20 
11 17 2 8 14 20 
11 17 2 8 14 20 
11 17 2 8 14 20 
11 17 2 8 14 20 
11 17 2 13 19 14 20 26 
11 17 2 13 19 14 20 26 
11 17 2 13 19 8 14 20 
11 17 2 13 19 8 14 20 
11 17 13 14 20 26 
11 17 13 19 14 20 26 
11 14 20 26 
13 19 14 20 26 
11 17 13 19 14 20 26 
11 14 20 
11 17 14 20 26 
11 14 20 26 
5 11 17 
11 17 
5 11 17 
11 17 
11 17 
11 17 
11 17 
0 5 11 
0 5 11 
0 5 11 
0 5 11 
5 11 
0 10 5 11 17 
0 10 5 11 17 
0 10 5 11 17 
0 10 5 11 17 
0 10 5 11 
0 10 11 17 
11 17 
0 10 11 17 
0 3 9 5 11 
5 11 
0 3 9 5 11 
3 5 11 
5 11 
5 11 
5 11 
0 3 9 10 5 11 
0 3 9 5 11 
0 3 9 5 11 
0 3 9 5 11 
0 3 9 5 11 
0 5 11 
0 3 10 5 11 
0 3 9 10 5 11 
5 11 
0 5 11 
14 20 
12 14 20 
14 20 
14 20 
14 20 
14 20 
14 20 
12 13 14 20 
12 13 14 20 
12 18 13 19 14 20 
12 13 19 14 20 
13 14 20 
12 14 20 
12 18 13 14 20 
12 14 20 
12 18 13 14 20 
12 18 13 14 20 
14 20 
12 14 20 
12 14 20 
11 17 
5 11 17 
11 17 
11 17 
5 11 17 
5 11 17 14 
5 11 17 14 
5 11 17 14 
5 11 17 14 
11 17 
5 11 
5 11 17 
5 11 17 14 
5 11 17 14 
5 11 17 2 14 
5 11 
5 11 
5 11 17 2 8 14 20 
5 11 17 2 8 14 20 
5 11 17 2 8 14 20 
5 11 17 2 8 14 20 
5 11 17 2 8 14 20 
5 11 17 2 8 14 
5 11 17 2 8 14 20 
0 5 11 17 2 8 14 20 
5 11 17 2 8 14 20 
5 11 17 2 8 14 20 
5 11 17 2 14 
5 11 17 2 8 14 
5 11 17 2 8 14 
5 11 17 2 14 
0 1 5 11 2 8 14 
0 1 5 11 2 8 14 
0 1 5 11 2 8 14 
0 1 5 11 2 8 14 
0 5 11 17 2 8 14 
0 1 5 11 2 8 14 
0 5 11 17 2 8 14 
0 5 11 17 2 8 14 
0 1 5 11 2 8 14 
5 11 17 2 14 
1 5 11 2 14 
0 1 5 11 2 8 14 
0 5 11 17 2 8 14 
5 11 17 2 8 14 
5 11 17 2 14 
0 5 11 17 2 8 14 20 
0 5 11 17 2 8 14 20 
5 11 
5 11 
5 11 
5 11 
5 11 
5 11 
5 11 
5 11 14 
5 11 
5 11 2 
1 5 11 2 
14 20 
14 20 
14 20 
14 20 
14 20 
14 20 
14 20 
14 20 
14 20 
11 14 20 
14 20 
11 8 14 20 
14 20 
8 14 20 
14 20 
14 20 
11 14 20 
8 14 
8 14 
8 14 
8 14 
12 8 14 
12 8 14 
8 14 
8 14 
8 14 
8 14 
8 14 
8 14 
8 14 
8 14 
8 14 20 
12 8 14 20 
8 14 
5 11 2 8 14 
5 11 2 8 14 20 
5 11 2 8 14 
5 11 2 8 14 
11 2 8 14 
5 11 17 2 8 14 20 
11 2 8 14 20 
5 11 2 8 14 20 
11 2 8 14 20 
11 2 8 14 
11 2 8 14 20 
11 2 8 14 20 
11 2 8 14 
11 2 8 14 
11 17 2 8 14 20 
11 17 2 8 14 20 
5 11 17 2 8 14 20 
11 8 14 20 
11 14 20 
11 17 2 8 14 20 
11 8 14 20 
5 11 17 2 8 14 20 
0 1 3 5 11 2 
0 1 3 9 5 11 2 
0 1 3 5 11 2 
0 1 3 9 5 11 2 
0 1 3 9 5 11 2 
1 3 9 5 11 2 
0 1 3 9 5 11 2 
0 1 5 11 2 8 
0 1 3 5 11 2 
0 1 5 11 2 8 
0 1 3 5 11 2 8 
0 1 3 5 11 2 8 
0 1 3 9 5 2 
0 1 3 5 2 
0 1 3 9 5 2 
0 1 3 5 2 
0 1 5 2 8 
0 1 3 9 5 11 2 
1 3 9 5 11 2 
0 1 3 9 5 2 
0 1 5 11 2 8 14 
0 1 5 11 2 8 14 
0 1 5 11 2 8 14 
0 1 5 2 8 14 
0 1 5 11 2 8 14 
0 1 5 11 2 8 14 
0 1 5 11 2 8 14 
0 1 5 2 8 
0 1 5 2 8 
0 1 2 8 
0 1 5 2 8 
0 1 2 8 14 
0 1 5 11 2 8 
0 1 5 2 8 
0 1 5 2 8 
0 1 5 11 2 8 14 
0 1 5 11 2 8 
6 12 8 14 
6 12 8 14 
6 12 8 14 
6 12 8 14 
6 8 14 
6 12 8 14 
2 6 8 14 
6 12 8 14 
2 6 12 8 14 
6 12 8 14 
2 6 12 8 14 
6 12 8 14 
2 6 8 14 
2 6 8 14 
2 6 8 14 
2 6 8 14 
2 6 8 14 
2 6 8 14 
2 6 8 14 
2 6 8 14 
1 2 6 8 14 
0 1 5 2 8 14 
1 2 8 14 
0 1 5 11 2 8 14 
1 2 6 8 14 
2 6 8 14 
2 6 8 14 
2 6 8 14 
1 2 6 8 14 
2 6 8 14 
2 6 8 
2 6 8 
1 2 6 8 14 
1 2 6 8 
0 1 5 11 2 8 14 
0 1 5 11 2 8 14 
0 1 5 11 2 8 14 
0 1 5 11 2 8 14 
0 1 5 11 2 8 14 
0 1 5 11 2 8 14 
0 1 5 11 2 8 14 
0 1 5 11 2 8 14 
0 1 5 11 2 8 14 
0 1 5 11 2 8 14 
0 1 5 11 2 8 14 
0 1 5 11 2 8 14 
0 1 5 11 2 8 14 
0 1 5 11 2 8 14 
8 14 
8 14 
8 14 
2 8 14 
8 14 
8 14 
6 12 8 14 
6 8 14 
6 12 8 14 
6 8 14 
6 12 8 14 
6 12 8 14 
2 6 8 14 
2 6 8 14 
3 9 5 11 
3 9 5 11 
0 3 9 5 11 
1 3 9 5 11 
1 3 9 5 11 
1 3 9 5 11 
1 3 5 11 
1 3 9 5 11 
1 3 5 11 
1 3 9 5 11 
1 3 9 5 11 2 
1 3 9 5 11 2 
1 3 9 5 
1 3 9 5 11 
1 11 2 8 14 
2 8 14 
2 8 14 
0 1 5 11 2 8 14 
0 1 5 11 2 8 14 
11 2 8 14 
0 1 5 11 2 8 14 
2 8 14 
0 1 5 11 2 8 
0 1 5 11 2 
1 5 11 2 
0 1 3 5 11 2 
0 1 5 11 2 8 
1 3 5 11 2 
0 1 3 5 11 2 
1 5 11 
0 3 9 5 11 
1 3 9 5 11 
0 3 9 5 11 
0 3 9 5 11 
0 3 9 5 11 
1 3 9 5 
1 3 9 5 
1 3 9 5 
1 3 9 5 
1 3 9 5 
1 3 9 5 
1 3 9 5 
1 3 9 5 
1 3 9 5 
0 3 9 5 11 
0 3 9 5 
3 9 5 
3 9 5 
3 9 5 
3 9 5 
3 9 5 
3 9 5 
1 3 9 5 
1 3 9 5 
1 3 9 5 
1 3 9 5 
3 9 15 5 
3 9 15 5 
3 9 15 5 
3 9 15 5 
1 3 9 15 5 
3 9 15 5 
3 9 15 
3 9 15 
3 9 
3 9 5 
0 3 9 5 
0 3 9 5 
3 9 
3 9 15 
3 9 15 
3 9 15 
3 9 15 
3 9 
3 9 15 
3 9 
3 9 15 
3 9 15 
3 9 
3 9 
3 9 
3 9 15 
3 9 15 
3 9 15 
3 9 15 
3 9 15 
3 9 15 
3 9 15 
3 9 15 
3 9 15 
3 9 15 
3 9 15 
3 9 15 
3 9 15 
3 9 15 
3 9 15 
3 9 15 
3 9 15 
17 23 
17 23 
17 23 
17 23 
17 23 
17 23 
17 23 
17 23 
17 23 
17 23 
17 23 
17 23 
17 23 
17 23 
17 23 
17 23 
17 23 
17 23 
17 23 
17 23 
20 26 
20 26 
20 26 
20 26 
20 26 
20 26 
20 26 
20 26 
20 26 
20 26 
20 26 
20 26 
20 26 
20 26 
20 26 
20 26 
20 26 
20 26 
20 26 
20 26 
14 20 26 
14 20 26 
14 20 26 
14 20 26 
14 20 26 
20 26 
20 26 
20 26 
14 20 26 
14 20 26 
20 26 
20 26 
14 20 
14 20 
14 20 26 
13 19 14 20 26 
14 20 26 
13 14 20 26 
13 19 14 20 
13 19 14 20 26 
13 19 14 20 26 
20 26 
20 26 
14 20 26 
14 20 26 
14 20 26 
20 26 
20 26 
13 19 14 20 26 
13 19 14 20 26 
13 19 14 20 26 
14 20 26 
14 20 26 
14 20 26 
14 20 26 
14 20 26 
20 26 
20 26 
20 26 
14 20 26 
14 20 26 
14 20 26 
14 20 26 
14 20 
20 26 
20 26 
20 26 
11 17 23 
11 17 23 
11 17 23 
11 17 23 14 
11 17 23 
11 17 23 
11 17 23 
11 17 23 
11 17 23 
11 17 23 
11 17 23 
11 17 23 
11 17 23 
11 17 23 
11 17 23 
11 17 23 
11 17 23 
11 17 23 
11 17 23 
17 23 
17 23 
17 23 
11 17 23 
11 17 23 
11 17 23 
11 17 23 14 
11 17 23 
11 17 23 
11 17 23 
11 17 23 
11 17 23 
11 17 23 14 
11 17 23 
11 17 23 
11 17 23 
17 23 
11 17 23 
11 17 23 
10 16 11 17 
10 16 11 17 
11 17 23 
11 17 23 
11 17 23 
10 16 11 17 
17 23 
17 23 
17 23 
3 9 15 
3 9 15 
3 9 15 
3 9 15 
3 9 15 
3 9 15 
3 9 15 
3 9 15 
3 9 15 
3 9 15 
3 9 15 
3 9 15 
3 9 15 
3 9 15 
3 9 15 
3 9 15 
3 9 15 
3 9 15 
3 9 15 
9 15 
9 15 
3 9 15 
9 15 
9 15 
3 9 15 
3 9 15 
3 9 15 
9 15 
9 15 
9 15 
9 15 
3 9 15 
3 9 15 
3 9 15 
3 9 15 
3 9 15 
3 9 15 
3 9 15 
3 9 15 
3 9 15 
3 9 15 
3 9 15 
3 9 15 
3 9 15 
3 9 15 
3 9 15 
3 9 15 
3 9 15 
3 9 15 
9 15 
9 15 
3 9 15 
3 9 15 
9 15 
9 15 
9 15 
9 15 
9 15 
9 15 
9 15 
9 15 
9 15 
9 15 
9 15 
9 15 
9 15 
9 15 
1 3 9 5 2 
0 1 3 9 5 2 
1 3 9 5 2 
0 1 3 9 5 2 
0 1 3 9 5 2 
0 1 3 9 5 2 
0 1 3 9 5 2 
1 3 9 5 2 
0 1 5 2 
0 1 3 5 2 
0 1 5 2 
0 1 3 5 2 
0 1 3 5 2 
0 1 2 
0 1 2 6 8 
1 2 6 8 
0 1 2 6 8 
1 2 6 7 8 
2 6 7 8 
2 6 8 
1 2 6 8 
0 1 2 6 8 
2 6 8 
2 6 8 
2 6 7 8 
2 6 7 8 
2 6 7 8 
2 6 7 8 
2 6 7 8 
2 6 7 8 
2 6 12 7 8 
2 6 8 
2 6 12 8 14 
6 12 8 
6 12 8 
6 12 8 14 
6 12 8 14 
6 12 8 
6 12 8 
10 16 11 17 
0 10 16 11 17 
0 10 16 11 17 
0 10 16 11 17 
0 10 16 11 17 
10 16 11 17 
10 16 11 17 
10 16 11 17 14 
0 10 16 11 17 
0 10 16 11 17 
0 10 16 11 17 
0 10 16 11 17 
0 10 16 11 17 
0 10 16 11 17 
12 13 19 14 20 
12 13 19 14 20 
12 13 19 14 20 
12 13 19 14 20 
13 19 14 20 
13 19 14 20 
12 13 19 14 20 
12 13 19 14 20 
13 19 14 20 
13 19 14 20 26 
13 19 14 20 26 
13 19 14 20 26 
13 19 14 20 
13 19 14 20 
0 1 2 
0 1 2 
0 1 2 
0 1 5 2 
0 1 2 8 
0 1 2 8 
0 1 2 8 
0 1 2 8 
1 3 9 5 
1 3 9 5 
1 3 9 5 
1 3 9 5 
1 3 9 5 
1 3 9 5 
1 3 9 5 
1 3 9 5 
1 3 9 5 
1 3 9 5 
1 3 9 5 
1 3 9 15 
1 3 9 15 5 
1 3 9 15 
1 3 9 
1 3 9 5 
1 3 9 15 5 
1 3 9 5 
1 3 9 15 5 
1 3 9 5 
1 3 9 5 
1 3 9 5 
3 9 15 
3 9 15 
3 9 15 
3 9 15 
3 9 15 
3 9 15 
3 9 15 
3 9 15 
3 9 15 
3 9 15 
9 15 
3 9 15 
9 15 
3 9 15 
3 9 15 
9 15 
9 15 
3 9 15 
3 9 15 
3 9 15 
3 9 15 
3 9 15 
3 9 15 
3 9 15 
3 9 15 
3 9 15 
3 9 15 
3 9 15 
12 18 13 19 14 20 
12 18 13 19 14 20 
12 18 13 19 14 20 
12 18 13 19 14 20 
12 18 13 19 14 20 
12 18 13 19 14 20 
12 18 13 19 14 20 
12 18 13 14 20 
12 18 13 19 14 20 
12 13 19 14 20 
12 18 13 19 14 20 
0 10 16 11 17 
0 10 16 11 17 
0 10 16 11 17 
0 10 16 11 17 
0 10 16 11 17 
0 10 16 5 11 17 
0 10 5 11 17 
0 3 10 5 11 17 
0 3 10 5 11 17 
0 10 16 5 11 17 
0 4 10 5 11 17 
0 3 9 4 10 5 11 
0 3 9 4 10 5 11 
0 3 9 4 10 5 11 
0 3 9 10 5 11 
0 3 9 10 5 11 
0 3 9 4 10 5 11 
0 3 9 10 5 11 
0 3 9 4 10 5 11 
0 3 9 5 11 
0 3 9 4 10 5 11 
0 3 9 4 10 5 11 
0 3 9 5 11 
0 3 9 4 10 5 11 
0 3 9 4 5 11 
0 3 9 5 11 
0 3 9 5 11 
0 3 9 5 11 
0 3 9 5 
0 3 9 5 11 
0 3 9 5 
0 3 9 4 5 11 
0 3 9 5 
0 3 9 5 
0 3 9 5 
0 3 9 5 
0 3 9 5 
0 3 9 5 
0 3 9 
0 3 9 
3 9 
3 9 
0 3 9 
0 3 9 
3 9 
3 9 
3 9 
3 9 
3 9 
3 9 
3 9 15 
3 9 15 
3 9 15 
3 9 
3 9 15 
3 9 15 
3 9 15 
3 9 15 
3 9 15 
3 9 15 
3 9 15 
3 9 15 
3 9 15 
1 3 9 15 
3 9 15 
1 3 9 15 
9 15 
9 15 
9 15 
9 15 
3 9 15 
9 15 
9 15 
3 9 15 
3 9 15 
3 9 15 
3 9 15 
3 9 15 
3 9 15 
3 9 15 
3 9 15 
3 9 15 
3 9 15 
3 9 15 
9 15 
9 15 
9 15 
9 15 
9 15 
9 15 
9 15 
9 15 
9 15 
9 15 
9 15 
9 15 
9 15 
9 15 
9 15 
9 15 
9 15 
9 15 
9 15 
9 15 
9 15 
9 15 
9 15 
9 15 
9 15 
9 15 
9 15 
9 15 
9 15 
9 15 
9 15 
9 15 
9 15 
9 15 
9 15 
9 15 
9 15 
9 15 
9 15 
9 15 
9 15 
9 15 
9 15 
9 15 
9 15 
9 15 
9 15 
9 15 
9 15 
9 15 
9 15 
9 15 
9 15 
9 15 
9 15 
9 15 
9 15 
9 15 
9 15 
9 15 
9 15 
9 15 
9 15 
9 15 
9 15 
9 15 
9 15 
9 15 
9 15 
9 15 
9 15 
9 15 
9 15 
9 15 
9 15 
9 15 
9 15 
9 15 
9 15 
9 15 
9 15 
9 15 
9 15 
9 15 
9 15 
9 15 
9 15 
9 15 
9 15 
9 15 
9 15 
9 15 
9 15 
9 15 
9 15 
9 15 
9 15 
9 15 
9 15 
9 15 
9 15 
9 15 
9 15 
9 15 
9 15 
9 15 
9 15 
9 15 
9 15 
9 15 
9 15 
9 15 
9 15 
9 15 
9 15 
9 15 
9 15 
9 15 
9 15 
9 15 
9 15 
9 15 
9 15 
9 15 
9 15 
9 15 
9 15 
9 15 
9 15 
9 15 
9 15 
9 15 
9 15 
9 15 
9 15 
9 15 
9 15 
9 15 
9 15 
9 15 
9 15 
9 15 
9 15 
9 15 
9 15 
9 15 
9 15 
9 15 
9 15 
9 15 
9 15 
9 15 
9 15 
9 15 
9 15 
9 15 
9 15 
9 15 
9 15 
9 15 
9 15 
9 15 
9 15 
9 15 
9 15 
9 15 
9 15 
9 15 
9 15 
9 15 
9 15 
9 15 
9 15 
9 15 
9 15 
9 15 
9 15 
9 15 
9 15 
9 15 
9 15 
9 15 
9 15 
9 15 
9 15 
9 15 
9 15 
9 15 
9 15 
9 15 
9 15 
9 15 
9 15 
9 15 
9 15 
9 15 
9 15 
9 15 
9 15 
9 15 
9 15 
9 15 
9 15 
9 15 
9 15 
9 15 
9 15 
9 15 
9 15 
9 15 
9 15 
9 15 
9 15 
9 15 
9 15 
9 15 
9 15 
9 15 
9 15 
9 15 
9 15 
9 15 
9 15 
9 15 
16 11 17 2 13 19 8 14 20 
10 16 11 17 2 13 19 8 14 20 
11 17 2 13 19 8 14 20 
16 11 17 2 13 19 8 14 20 
11 17 2 13 19 14 20 26 
10 16 11 17 2 13 19 14 20 
10 16 11 17 2 13 19 14 20 
16 11 17 2 13 19 14 20 26 
10 16 11 17 2 13 19 14 20 26 
10 16 11 17 2 13 19 8 14 20 
11 17 2 13 19 14 20 26 
11 17 2 13 19 14 20 26 
11 17 2 13 19 14 20 26 
11 17 13 19 14 20 26 
16 11 17 2 13 19 14 20 26 
11 17 2 13 19 14 20 26 
11 13 19 14 20 26 
13 19 14 20 26 
13 19 14 20 26 
13 19 14 20 26 
11 13 19 14 20 26 
11 17 13 19 14 20 26 
11 17 2 13 19 14 20 26 
11 17 2 13 19 14 20 26 
13 19 14 20 26 
13 19 14 20 26 
10 16 11 17 2 13 19 14 20 26 
13 19 14 20 26 
0 10 16 11 17 2 13 14 
0 10 16 11 17 2 14 
0 10 16 11 17 2 14 
0 1 10 16 11 17 2 13 19 14 20 
0 10 16 11 17 2 13 14 20 
0 1 10 16 11 17 2 13 19 14 20 
0 10 16 11 17 2 13 14 
0 10 16 11 17 2 13 14 20 
10 16 11 17 2 13 14 20 
0 10 16 11 17 2 13 14 20 
0 10 16 11 17 2 13 14 
0 1 10 16 11 17 2 13 19 14 20 
10 16 11 17 2 14 
10 16 11 17 2 13 14 20 
10 16 5 11 17 2 13 14 20 
10 16 5 11 17 2 13 14 20 
10 16 5 11 17 2 13 14 20 
10 16 5 11 17 2 13 19 14 20 
10 16 5 11 17 2 13 14 20 
10 16 5 11 17 2 13 19 14 20 
1 10 16 5 11 17 2 13 19 14 20 
10 16 5 11 17 2 13 19 14 20 
10 16 5 11 17 2 13 19 14 20 
10 16 11 17 2 13 19 14 20 
10 16 5 11 17 2 13 19 8 14 20 
10 16 11 17 2 13 19 14 20 26 
10 16 11 17 2 13 19 14 20 
10 16 11 17 2 13 19 14 20 
10 16 11 17 2 13 19 14 20 26 
10 16 11 17 2 13 19 14 20 26 
10 16 11 17 2 13 19 14 20 
10 16 11 17 2 13 19 14 20 
10 16 11 17 2 13 19 14 20 
10 16 11 17 2 13 19 14 20 
10 16 11 17 2 13 19 14 20 
10 16 11 17 2 13 19 14 20 
10 16 11 17 2 13 19 14 20 
10 16 11 17 2 13 19 14 20 
1 10 16 11 17 2 13 19 14 20 
10 16 11 17 2 13 19 14 20 
10 16 11 17 2 13 19 14 20 
0 1 10 16 11 17 2 13 19 14 20 
0 1 10 16 11 17 2 13 19 14 20 
0 1 10 16 11 17 2 13 19 14 20 
6 12 18 8 14 
6 12 18 8 14 
6 12 18 8 14 
6 12 18 8 14 
6 12 18 8 14 
6 12 18 8 14 
6 12 18 8 14 
6 12 18 8 14 
6 12 18 8 14 
6 12 18 8 14 
6 12 18 8 14 
6 12 18 8 14 
6 12 18 8 14 
6 12 18 8 14 
6 12 18 8 14 
6 12 18 8 14 
6 12 18 8 14 
6 12 18 8 14 
6 12 18 8 14 
6 12 18 8 14 
12 8 14 
6 12 8 14 
6 12 8 14 
12 18 8 14 20 
12 8 14 20 
6 12 18 13 8 14 
6 12 18 8 14 
12 18 13 8 14 20 
12 18 13 8 14 20 
6 12 18 8 14 
6 12 18 8 14 
6 12 18 8 14 
6 12 18 8 14 
6 12 8 14 
6 12 18 8 14 
6 12 18 8 14 
6 12 18 8 14 
6 12 18 8 14 
6 12 8 14 
6 12 8 14 
6 12 8 14 
6 12 8 14 
6 12 8 14 
6 12 8 14 
6 12 
6 12 18 
12 18 
6 12 18 14 
6 12 18 14 
6 12 8 14 
6 12 8 
6 12 8 14 
6 12 18 8 14 
6 12 18 8 14 
6 12 18 8 14 
12 18 13 14 
12 18 13 14 20 
12 18 13 14 20 
12 18 13 14 
12 18 13 14 
12 18 14 
12 18 14 
12 18 13 8 14 
6 12 18 13 8 14 
6 12 18 14 
12 18 13 14 20 
12 18 14 
12 18 14 
6 12 18 14 
6 12 18 8 14 
6 12 18 8 14 
12 18 14 
12 18 14 
12 18 14 
12 18 14 
12 18 14 
6 12 18 14 
12 18 14 
12 18 14 
12 18 14 
12 18 
6 12 18 8 14 
6 12 18 8 14 
6 12 18 14 
12 18 14 
12 18 
12 18 
12 18 
12 18 
12 18 
12 18 
12 18 
12 18 
12 18 
12 18 
12 18 14 
12 18 14 
12 18 
12 18 
12 18 
12 18 
12 18 14 
12 18 14 
12 18 
12 18 14 
12 18 
12 18 
12 18 
12 18 
12 18 
18 
18 
18 
4 10 16 2 7 13 19 
4 10 16 2 13 19 
4 10 16 17 2 7 13 19 14 20 
10 16 22 11 17 2 13 
10 16 13 
10 16 2 13 19 14 
13 19 
13 19 25 14 20 
10 16 
0 4 10 16 
0 10 16 11 17 
0 4 10 16 11 
4 10 
4 10 
0 3 4 10 
0 3 9 4 10 
13 19 
12 13 19 
13 19 
12 18 13 19 14 
12 13 19 14 20 
4 10 16 
4 10 16 2 13 
4 10 16 2 7 13 19 
4 10 16 2 7 13 19 
0 1 4 10 2 7 13 
0 1 4 10 16 2 7 13 
0 1 4 10 2 7 13 
4 10 
13 19 
10 7 13 19 
12 7 13 
7 13 
7 13 
10 2 7 13 
10 16 2 7 13 19 
0 1 3 9 4 10 2 
0 1 3 9 4 10 2 
1 3 9 4 2 
0 1 4 2 
0 1 4 10 2 7 13 
0 1 4 10 2 7 13 
0 1 4 10 2 7 
0 1 2 6 7 
6 12 7 13 
2 6 12 7 13 
2 6 7 13 
2 6 7 
6 12 7 13 
1 2 6 7 13 
0 1 4 10 2 7 13 
7 13 
1 3 9 4 10 
10 2 7 13 
0 1 4 10 2 
1 3 9 4 
0 3 9 4 
1 3 9 4 
3 9 4 
3 9 15 
1 3 9 15 4 
3 9 
3 9 
3 9 15 
3 9 15 
3 9 15 
3 9 15 
16 22 
16 22 
16 22 
16 22 
16 22 
19 25 
19 25 
19 25 
19 25 
19 25 
13 19 25 
13 19 25 
13 19 25 
13 19 25 
10 16 22 
10 16 22 
10 16 22 
10 16 22 
3 9 15 
3 9 15 
3 9 15 
9 15 
3 9 15 
3 9 15 
9 15 
3 9 15 
9 15 
9 15 
9 15 
1 3 9 4 5 2 
0 1 3 9 4 2 
0 1 2 
0 1 2 6 7 8 
2 6 7 8 
2 6 7 8 
2 6 12 7 
6 12 
0 10 16 11 17 
0 10 16 11 17 
0 10 16 11 17 
12 13 19 14 20 
13 19 14 20 
13 19 14 20 
0 1 2 7 
1 3 9 
1 3 9 4 
1 3 9 15 
1 3 9 4 
3 9 15 
3 9 15 
9 15 
9 15 
3 9 15 
3 9 15 
12 18 13 19 14 20 
12 18 13 19 14 20 
0 10 16 11 17 
0 4 10 16 5 11 17 
0 3 9 4 10 5 11 
0 3 9 4 10 5 11 
0 3 9 4 10 
0 3 9 4 5 
0 3 9 4 
0 3 9 
3 9 
3 9 15 
3 9 15 
3 9 15 
9 15 
3 9 15 
9 15 
9 15 
9 15 
9 15 
9 15 
9 15 
9 15 
9 15 
9 15 
9 15 
9 15 
9 15 
9 15 
9 15 
9 15 
9 15 
9 15 
9 15 
9 15 
9 15 
9 15 
9 15 
9 15 
9 15 
9 15 
9 15 
9 15 
9 15 
9 15 
9 15 
9 15 
9 15 
10 16 2 13 19 25 14 20 
10 16 2 13 19 25 14 20 
10 16 11 17 2 13 19 14 20 
13 19 25 14 20 
10 16 11 17 2 13 19 14 20 
0 10 16 11 17 2 13 14 
0 1 10 16 11 17 2 13 19 14 
0 1 10 16 11 17 2 13 19 14 20 
4 10 16 11 17 2 13 19 14 20 
10 16 11 17 2 13 19 14 20 
10 16 11 17 2 13 19 14 20 
1 10 16 11 17 2 13 19 14 20 
6 12 18 7 13 
6 12 18 7 13 
6 12 18 7 13 
6 12 18 7 13 
6 12 18 7 13 
6 12 7 13 
12 18 
6 12 7 13 
12 18 13 14 
12 18 
6 12 18 13 
12 18 
12 18 13 
12 18 
18 
12 18 13 
18 
12 18 
5 11 17 2 8 14 20 
5 11 17 2 14 20 
11 17 14 
10 16 11 17 23 2 14 
16 5 11 17 2 13 19 8 14 20 
11 17 2 13 14 20 
13 19 14 20 26 
14 20 
11 17 
0 5 11 17 
5 11 
0 10 5 11 17 
0 10 16 11 17 
5 11 
0 3 5 11 
0 3 9 5 11 
14 20 
12 14 20 
12 13 19 14 20 
12 18 13 14 20 
14 20 
5 11 17 
5 11 17 2 14 
5 11 17 2 8 14 20 
5 11 17 2 8 14 20 
0 1 5 11 2 8 14 
0 1 5 11 17 2 8 14 
0 1 5 11 2 8 14 
5 11 
14 20 
11 8 14 20 
12 8 14 
8 14 
8 14 
11 2 8 14 
11 17 2 8 14 20 
0 1 3 9 5 11 2 
0 1 3 9 5 11 2 
0 1 5 11 2 8 14 
0 1 5 2 
1 3 9 5 2 
0 1 5 11 2 8 14 
0 1 5 11 2 8 
0 1 2 6 8 
6 12 8 14 
2 6 12 8 14 
6 12 8 14 
2 6 8 
2 6 8 14 
1 2 6 8 14 
0 1 5 11 2 8 14 
8 14 
1 3 9 5 11 
11 2 8 14 
0 1 5 11 2 
1 3 9 5 
1 3 9 5 
0 3 9 5 
3 9 5 
1 3 9 15 5 
3 9 15 
3 9 
3 9 15 
3 9 
3 9 15 
3 9 15 
3 9 15 
17 23 
17 23 
17 23 
17 23 
17 23 
20 26 
20 26 
20 26 
20 26 
20 26 
14 20 26 
14 20 26 
14 20 26 
14 20 26 
11 17 23 
11 17 23 
11 17 23 
11 17 23 
3 9 15 
3 9 15 
3 9 15 
9 15 
3 9 15 
9 15 
3 9 15 
3 9 15 
9 15 
9 15 
9 15 
0 1 3 9 5 2 
2 6 7 8 
2 6 12 8 
0 10 16 11 17 
13 19 14 20 
0 1 2 8 
1 3 9 5 
1 3 9 5 
3 9 15 
9 15 
3 9 15 
12 18 13 19 14 20 
0 10 16 11 17 
0 3 9 4 10 5 11 
0 3 9 5 11 
0 3 9 5 
3 9 
3 9 15 
3 9 15 
3 9 15 
9 15 
9 15 
9 15 
9 15 
9 15 
9 15 
9 15 
9 15 
9 15 
9 15 
9 15 
9 15 
9 15 
9 15 
9 15 
9 15 
9 15 
9 15 
9 15 
9 15 
9 15 
9 15 
9 15 
9 15 
9 15 
9 15 
9 15 
9 15 
9 15 
9 15 
11 17 2 13 19 14 20 26 
10 16 11 17 2 13 19 14 20 
11 17 2 13 19 14 20 26 
13 19 14 20 26 
0 10 16 11 17 2 13 14 
0 1 10 16 11 17 2 13 14 20 
10 16 5 11 17 2 13 19 14 20 
10 16 11 17 2 13 19 14 20 
1 10 16 11 17 2 13 19 14 20 
6 12 18 8 14 
6 12 18 8 14 
6 12 18 8 14 
6 12 18 8 14 
6 12 18 8 14 
6 12 8 14 
6 12 8 14 
12 18 13 14 
6 12 18 14 
12 18 14 
12 18 
12 18 
12 18 14 
12 18 
