49
0 0.00940858364231 -0.03118974333 0.0 0.0 0.0 0.688019751564 0.725691960447
0.0416666666667 0.00940858364231 -0.03118974333 0.0 0.0 0.0 0.688019751564 0.725691960447
0.0833333333333 0.00940858364231 -0.03118974333 0.0 0.0 0.0 0.688019751564 0.725691960447
0.125 0.00940858364231 -0.03118974333 0.0 0.0 0.0 0.688019751564 0.725691960447
0.166666666667 0.00940858364231 -0.03118974333 0.0 0.0 0.0 0.688019751564 0.725691960447
0.208333333333 0.00940858364231 -0.03118974333 0.0 0.0 0.0 0.688019751564 0.725691960447
0.25 0.00940858364231 -0.03118974333 0.0 0.0 0.0 0.688019751564 0.725691960447
0.291666666667 0.00940858364231 -0.03118974333 0.0 0.0 0.0 0.688019751564 0.725691960447
0.333333333333 0.00940858364231 -0.03118974333 0.0 0.0 0.0 0.688019751564 0.725691960447
0.375 0.00940858364231 -0.03118974333 0.0 0.0 0.0 0.688019751564 0.725691960447
0.416666666667 0.00940858364231 -0.03118974333 0.0 0.0 0.0 0.688019751564 0.725691960447
0.458333333333 0.00940858364231 -0.03118974333 0.0 0.0 0.0 0.688019751564 0.725691960447
0.5 0.00940858364231 -0.03118974333 0.0 0.0 0.0 0.688019751564 0.725691960447
0.541666666667 0.00940858364231 -0.03118974333 0.0 0.0 0.0 0.688019751564 0.725691960447
0.583333333333 0.00940858364231 -0.03118974333 0.0 0.0 0.0 0.688019751564 0.725691960447
0.625 0.00940858364231 -0.03118974333 0.0 0.0 0.0 0.688019751564 0.725691960447
0.666666666667 0.00940858364231 -0.03118974333 0.0 0.0 0.0 0.688019751564 0.725691960447
0.708333333333 0.00940858364231 -0.03118974333 0.0 0.0 0.0 0.688019751564 0.725691960447
0.75 0.00940858364231 -0.03118974333 0.0 0.0 0.0 0.688019751564 0.725691960447
0.791666666667 0.00940858364231 -0.03118974333 0.0 0.0 0.0 0.688019751564 0.725691960447
0.833333333333 0.00940858364231 -0.03118974333 0.0 0.0 0.0 0.688019751564 0.725691960447
0.875 0.00940858364231 -0.03118974333 0.0 0.0 0.0 0.688019751564 0.725691960447
0.916666666667 0.00940858364231 -0.03118974333 0.0 0.0 0.0 0.688019751564 0.725691960447
0.958333333333 0.00940858364231 -0.03118974333 0.0 0.0 0.0 0.688019751564 0.725691960447
1.0 0.00940858364231 -0.03118974333 0.0 0.0 0.0 0.688019751564 0.725691960447
1.04166666667 0.00940858364231 -0.03118974333 0.0 0.0 0.0 0.688019751564 0.725691960447
1.08333333333 0.00940858364231 -0.03118974333 0.0 0.0 0.0 0.688019751564 0.725691960447
1.125 0.00940858364231 -0.03118974333 0.0 0.0 0.0 0.688019751564 0.725691960447
1.16666666667 0.00940858364231 -0.03118974333 0.0 0.0 0.0 0.688019751564 0.725691960447
1.20833333333 0.00940858364231 -0.03118974333 0.0 0.0 0.0 0.688019751564 0.725691960447
1.25 0.00940858364231 -0.03118974333 0.0 0.0 0.0 0.688019751564 0.725691960447
1.29166666667 0.00940858364231 -0.03118974333 0.0 0.0 0.0 0.688019751564 0.725691960447
1.33333333333 0.00940858364231 -0.03118974333 0.0 0.0 0.0 0.688019751564 0.725691960447
1.375 0.00940858364231 -0.03118974333 0.0 0.0 0.0 0.688019751564 0.725691960447
1.41666666667 0.00940858364231 -0.03118974333 0.0 0.0 0.0 0.688019751564 0.725691960447
1.45833333333 0.00940858364231 -0.03118974333 0.0 0.0 0.0 0.688019751564 0.725691960447
1.5 0.00940858364231 -0.03118974333 0.0 0.0 0.0 0.688019751564 0.725691960447
1.54166666667 0.00940858364231 -0.03118974333 0.0 0.0 0.0 0.688019751564 0.725691960447
1.58333333333 0.00940858364231 -0.03118974333 0.0 0.0 0.0 0.688019751564 0.725691960447
1.625 0.00940858364231 -0.03118974333 0.0 0.0 0.0 0.688019751564 0.725691960447
1.66666666667 0.00940858364231 -0.03118974333 0.0 0.0 0.0 0.688019751564 0.725691960447
1.70833333333 0.00940858364231 -0.03118974333 0.0 0.0 0.0 0.688019751564 0.725691960447
1.75 0.00940858364231 -0.03118974333 0.0 0.0 0.0 0.688019751564 0.725691960447
1.79166666667 0.00940858364231 -0.03118974333 0.0 0.0 0.0 0.688019751564 0.725691960447
1.83333333333 0.00940858364231 -0.03118974333 0.0 0.0 0.0 0.688019751564 0.725691960447
1.875 0.00940858364231 -0.03118974333 0.0 0.0 0.0 0.688019751564 0.725691960447
1.91666666667 0.00940858364231 -0.03118974333 0.0 0.0 0.0 0.688019751564 0.725691960447
1.95833333333 0.00940858364231 -0.03118974333 0.0 0.0 0.0 0.688019751564 0.725691960447
2.0 0.00940858364231 -0.03118974333 0.0 0.0 0.0 0.688019751564 0.725691960447
49
0 1.25256519604 -1.94289029309e-16 0.0 0.994801020181 0.101837764345 6.23576460686e-18 6.09139942577e-17
0.0416666666667 1.25256519604 -1.94289029309e-16 0.0 0.994801020181 0.101837764345 6.23576460686e-18 6.09139942577e-17
0.0833333333333 1.25256519604 -1.94289029309e-16 0.0 0.994801020181 0.101837764345 6.23576460686e-18 6.09139942577e-17
0.125 1.25256519604 -1.94289029309e-16 0.0 0.994801020181 0.101837764345 6.23576460686e-18 6.09139942577e-17
0.166666666667 1.25256519604 -1.94289029309e-16 0.0 0.994801020181 0.101837764345 6.23576460686e-18 6.09139942577e-17
0.208333333333 1.25256519604 -1.94289029309e-16 0.0 0.994801020181 0.101837764345 6.23576460686e-18 6.09139942577e-17
0.25 1.25256519604 -1.94289029309e-16 0.0 0.994801020181 0.101837764345 6.23576460686e-18 6.09139942577e-17
0.291666666667 1.25256519604 -1.94289029309e-16 0.0 0.994801020181 0.101837764345 6.23576460686e-18 6.09139942577e-17
0.333333333333 1.25256519604 -1.94289029309e-16 0.0 0.994801020181 0.101837764345 6.23576460686e-18 6.09139942577e-17
0.375 1.25256519604 -1.94289029309e-16 0.0 0.994801020181 0.101837764345 6.23576460686e-18 6.09139942577e-17
0.416666666667 1.25256519604 -1.94289029309e-16 0.0 0.994801020181 0.101837764345 6.23576460686e-18 6.09139942577e-17
0.458333333333 1.25256519604 -1.94289029309e-16 0.0 0.994801020181 0.101837764345 6.23576460686e-18 6.09139942577e-17
0.5 1.25256519604 -1.94289029309e-16 0.0 0.994801020181 0.101837764345 6.23576460686e-18 6.09139942577e-17
0.541666666667 1.25256519604 -1.94289029309e-16 0.0 0.994801020181 0.101837764345 6.23576460686e-18 6.09139942577e-17
0.583333333333 1.25256519604 -1.94289029309e-16 0.0 0.994801020181 0.101837764345 6.23576460686e-18 6.09139942577e-17
0.625 1.25256519604 -1.94289029309e-16 0.0 0.994801020181 0.101837764345 6.23576460686e-18 6.09139942577e-17
0.666666666667 1.25256519604 -1.94289029309e-16 0.0 0.994801020181 0.101837764345 6.23576460686e-18 6.09139942577e-17
0.708333333333 1.25256519604 -1.94289029309e-16 0.0 0.994801020181 0.101837764345 6.23576460686e-18 6.09139942577e-17
0.75 1.25256519604 -1.94289029309e-16 0.0 0.994801020181 0.101837764345 6.23576460686e-18 6.09139942577e-17
0.791666666667 1.25256519604 -1.94289029309e-16 0.0 0.994801020181 0.101837764345 6.23576460686e-18 6.09139942577e-17
0.833333333333 1.25256519604 -1.94289029309e-16 0.0 0.994801020181 0.101837764345 6.23576460686e-18 6.09139942577e-17
0.875 1.25256519604 -1.94289029309e-16 0.0 0.994801020181 0.101837764345 6.23576460686e-18 6.09139942577e-17
0.916666666667 1.25256519604 -1.94289029309e-16 0.0 0.994801020181 0.101837764345 6.23576460686e-18 6.09139942577e-17
0.958333333333 1.25256519604 -1.94289029309e-16 0.0 0.994801020181 0.101837764345 6.23576460686e-18 6.09139942577e-17
1.0 1.25256519604 -1.94289029309e-16 0.0 0.994801020181 0.101837764345 6.23576460686e-18 6.09139942577e-17
1.04166666667 1.25256519604 -1.94289029309e-16 0.0 0.994801020181 0.101837764345 6.23576460686e-18 6.09139942577e-17
1.08333333333 1.25256519604 -1.94289029309e-16 0.0 0.994801020181 0.101837764345 6.23576460686e-18 6.09139942577e-17
1.125 1.25256519604 -1.94289029309e-16 0.0 0.994801020181 0.101837764345 6.23576460686e-18 6.09139942577e-17
1.16666666667 1.25256519604 -1.94289029309e-16 0.0 0.994801020181 0.101837764345 6.23576460686e-18 6.09139942577e-17
1.20833333333 1.25256519604 -1.94289029309e-16 0.0 0.994801020181 0.101837764345 6.23576460686e-18 6.09139942577e-17
1.25 1.25256519604 -1.94289029309e-16 0.0 0.994801020181 0.101837764345 6.23576460686e-18 6.09139942577e-17
1.29166666667 1.25256519604 -1.94289029309e-16 0.0 0.994801020181 0.101837764345 6.23576460686e-18 6.09139942577e-17
1.33333333333 1.25256519604 -1.94289029309e-16 0.0 0.994801020181 0.101837764345 6.23576460686e-18 6.09139942577e-17
1.375 1.25256519604 -1.94289029309e-16 0.0 0.994801020181 0.101837764345 6.23576460686e-18 6.09139942577e-17
1.41666666667 1.25256519604 -1.94289029309e-16 0.0 0.994801020181 0.101837764345 6.23576460686e-18 6.09139942577e-17
1.45833333333 1.25256519604 -1.94289029309e-16 0.0 0.994801020181 0.101837764345 6.23576460686e-18 6.09139942577e-17
1.5 1.25256519604 -1.94289029309e-16 0.0 0.994801020181 0.101837764345 6.23576460686e-18 6.09139942577e-17
1.54166666667 1.25256519604 -1.94289029309e-16 0.0 0.994801020181 0.101837764345 6.23576460686e-18 6.09139942577e-17
1.58333333333 1.25256519604 -1.94289029309e-16 0.0 0.994801020181 0.101837764345 6.23576460686e-18 6.09139942577e-17
1.625 1.25256519604 -1.94289029309e-16 0.0 0.994801020181 0.101837764345 6.23576460686e-18 6.09139942577e-17
1.66666666667 1.25256519604 -1.94289029309e-16 0.0 0.994801020181 0.101837764345 6.23576460686e-18 6.09139942577e-17
1.70833333333 1.25256519604 -1.94289029309e-16 0.0 0.994801020181 0.101837764345 6.23576460686e-18 6.09139942577e-17
1.75 1.25256519604 -1.94289029309e-16 0.0 0.994801020181 0.101837764345 6.23576460686e-18 6.09139942577e-17
1.79166666667 1.25256519604 -1.94289029309e-16 0.0 0.994801020181 0.101837764345 6.23576460686e-18 6.09139942577e-17
1.83333333333 1.25256519604 -1.94289029309e-16 0.0 0.994801020181 0.101837764345 6.23576460686e-18 6.09139942577e-17
1.875 1.25256519604 -1.94289029309e-16 0.0 0.994801020181 0.101837764345 6.23576460686e-18 6.09139942577e-17
1.91666666667 1.25256519604 -1.94289029309e-16 0.0 0.994801020181 0.101837764345 6.23576460686e-18 6.09139942577e-17
1.95833333333 1.25256519604 -1.94289029309e-16 0.0 0.994801020181 0.101837764345 6.23576460686e-18 6.09139942577e-17
2.0 1.25256519604 -1.94289029309e-16 0.0 0.994801020181 0.101837764345 6.23576460686e-18 6.09139942577e-17
49
0 1.13914205576 -0.0431704977872 -5.28686119327e-18 0.93326926086 0.130326209043 -0.00401589871578 -0.334675123855
0.0416666666667 1.13914205576 -0.0431704977872 -5.28686119327e-18 0.93326926086 0.130326209043 -0.00401589871578 -0.334675123855
0.0833333333333 1.13914205576 -0.0431704977872 -5.28686119327e-18 0.93326926086 0.130326209043 -0.00401589871578 -0.334675123855
0.125 1.13914205576 -0.0431704977872 -5.28686119327e-18 0.93326926086 0.130326209043 -0.00401589871578 -0.334675123855
0.166666666667 1.13914205576 -0.0431704977872 -5.28686119327e-18 0.93326926086 0.130326209043 -0.00401589871578 -0.334675123855
0.208333333333 1.13914205576 -0.0431704977872 -5.28686119327e-18 0.93326926086 0.130326209043 -0.00401589871578 -0.334675123855
0.25 1.13914205576 -0.0431704977872 -5.28686119327e-18 0.93326926086 0.130326209043 -0.00401589871578 -0.334675123855
0.291666666667 1.13914205576 -0.0431704977872 -5.28686119327e-18 0.93326926086 0.130326209043 -0.00401589871578 -0.334675123855
0.333333333333 1.13914205576 -0.0431704977872 -5.28686119327e-18 0.93326926086 0.130326209043 -0.00401589871578 -0.334675123855
0.375 1.13914205576 -0.0431704977872 -5.28686119327e-18 0.93326926086 0.130326209043 -0.00401589871578 -0.334675123855
0.416666666667 1.13914205576 -0.0431704977872 -5.28686119327e-18 0.93326926086 0.130326209043 -0.00401589871578 -0.334675123855
0.458333333333 1.13914205576 -0.0431704977872 -5.28686119327e-18 0.93326926086 0.130326209043 -0.00401589871578 -0.334675123855
0.5 1.13914205576 -0.0431704977872 -5.28686119327e-18 0.93326926086 0.130326209043 -0.00401589871578 -0.334675123855
0.541666666667 1.13914205576 -0.0431704977872 -5.28686119327e-18 0.93326926086 0.130326209043 -0.00401589871578 -0.334675123855
0.583333333333 1.13914205576 -0.0431704977872 -5.28686119327e-18 0.93326926086 0.130326209043 -0.00401589871578 -0.334675123855
0.625 1.13914205576 -0.0431704977872 -5.28686119327e-18 0.93326926086 0.130326209043 -0.00401589871578 -0.334675123855
0.666666666667 1.13914205576 -0.0431704977872 -5.28686119327e-18 0.93326926086 0.130326209043 -0.00401589871578 -0.334675123855
0.708333333333 1.13914205576 -0.0431704977872 -5.28686119327e-18 0.93326926086 0.130326209043 -0.00401589871578 -0.334675123855
0.75 1.13914205576 -0.0431704977872 -5.28686119327e-18 0.93326926086 0.130326209043 -0.00401589871578 -0.334675123855
0.791666666667 1.13914205576 -0.0431704977872 -5.28686119327e-18 0.93326926086 0.130326209043 -0.00401589871578 -0.334675123855
0.833333333333 1.13914205576 -0.0431704977872 -5.28686119327e-18 0.93326926086 0.130326209043 -0.00401589871578 -0.334675123855
0.875 1.13914205576 -0.0431704977872 -5.28686119327e-18 0.93326926086 0.130326209043 -0.00401589871578 -0.334675123855
0.916666666667 1.13914205576 -0.0431704977872 -5.28686119327e-18 0.93326926086 0.130326209043 -0.00401589871578 -0.334675123855
0.958333333333 1.13914205576 -0.0431704977872 -5.28686119327e-18 0.93326926086 0.130326209043 -0.00401589871578 -0.334675123855
1.0 1.13914205576 -0.0431704977872 -5.28686119327e-18 0.93326926086 0.130326209043 -0.00401589871578 -0.334675123855
1.04166666667 1.13914205576 -0.0431704977872 -5.28686119327e-18 0.93326926086 0.130326209043 -0.00401589871578 -0.334675123855
1.08333333333 1.13914205576 -0.0431704977872 -5.28686119327e-18 0.93326926086 0.130326209043 -0.00401589871578 -0.334675123855
1.125 1.13914205576 -0.0431704977872 -5.28686119327e-18 0.93326926086 0.130326209043 -0.00401589871578 -0.334675123855
1.16666666667 1.13914205576 -0.0431704977872 -5.28686119327e-18 0.93326926086 0.130326209043 -0.00401589871578 -0.334675123855
1.20833333333 1.13914205576 -0.0431704977872 -5.28686119327e-18 0.93326926086 0.130326209043 -0.00401589871578 -0.334675123855
1.25 1.13914205576 -0.0431704977872 -5.28686119327e-18 0.93326926086 0.130326209043 -0.00401589871578 -0.334675123855
1.29166666667 1.13914205576 -0.0431704977872 -5.28686119327e-18 0.93326926086 0.130326209043 -0.00401589871578 -0.334675123855
1.33333333333 1.13914205576 -0.0431704977872 -5.28686119327e-18 0.93326926086 0.130326209043 -0.00401589871578 -0.334675123855
1.375 1.13914205576 -0.0431704977872 -5.28686119327e-18 0.93326926086 0.130326209043 -0.00401589871578 -0.334675123855
1.41666666667 1.13914205576 -0.0431704977872 -5.28686119327e-18 0.93326926086 0.130326209043 -0.00401589871578 -0.334675123855
1.45833333333 1.13914205576 -0.0431704977872 -5.28686119327e-18 0.93326926086 0.130326209043 -0.00401589871578 -0.334675123855
1.5 1.13914205576 -0.0431704977872 -5.28686119327e-18 0.93326926086 0.130326209043 -0.00401589871578 -0.334675123855
1.54166666667 1.13914205576 -0.0431704977872 -5.28686119327e-18 0.93326926086 0.130326209043 -0.00401589871578 -0.334675123855
1.58333333333 1.13914205576 -0.0431704977872 -5.28686119327e-18 0.93326926086 0.130326209043 -0.00401589871578 -0.334675123855
1.625 1.13914205576 -0.0431704977872 -5.28686119327e-18 0.93326926086 0.130326209043 -0.00401589871578 -0.334675123855
1.66666666667 1.13914205576 -0.0431704977872 -5.28686119327e-18 0.93326926086 0.130326209043 -0.00401589871578 -0.334675123855
1.70833333333 1.13914205576 -0.0431704977872 -5.28686119327e-18 0.93326926086 0.130326209043 -0.00401589871578 -0.334675123855
1.75 1.13914205576 -0.0431704977872 -5.28686119327e-18 0.93326926086 0.130326209043 -0.00401589871578 -0.334675123855
1.79166666667 1.13914205576 -0.0431704977872 -5.28686119327e-18 0.93326926086 0.130326209043 -0.00401589871578 -0.334675123855
1.83333333333 1.13914205576 -0.0431704977872 -5.28686119327e-18 0.93326926086 0.130326209043 -0.00401589871578 -0.334675123855
1.875 1.13914205576 -0.0431704977872 -5.28686119327e-18 0.93326926086 0.130326209043 -0.00401589871578 -0.334675123855
1.91666666667 1.13914205576 -0.0431704977872 -5.28686119327e-18 0.93326926086 0.130326209043 -0.00401589871578 -0.334675123855
1.95833333333 1.13914205576 -0.0431704977872 -5.28686119327e-18 0.93326926086 0.130326209043 -0.00401589871578 -0.334675123855
2.0 1.13914205576 -0.0431704977872 -5.28686119327e-18 0.93326926086 0.130326209043 -0.00401589871578 -0.334675123855
49
0 0.307590704404 0.246555804854 3.01943777226e-17 0.890998331998 0.454006577459 2.77998850939e-17 5.45579127664e-17
0.0416666666667 0.307590704404 0.246555804854 3.01943777226e-17 0.890998331998 0.454006577459 2.77998850939e-17 5.45579127664e-17
0.0833333333333 0.307590704404 0.246555804854 3.01943777226e-17 0.890998331998 0.454006577459 2.77998850939e-17 5.45579127664e-17
0.125 0.307590704404 0.246555804854 3.01943777226e-17 0.890998331998 0.454006577459 2.77998850939e-17 5.45579127664e-17
0.166666666667 0.307590704404 0.246555804854 3.01943777226e-17 0.890998331998 0.454006577459 2.77998850939e-17 5.45579127664e-17
0.208333333333 0.307590704404 0.246555804854 3.01943777226e-17 0.890998331998 0.454006577459 2.77998850939e-17 5.45579127664e-17
0.25 0.307590704404 0.246555804854 3.01943777226e-17 0.890998331998 0.454006577459 2.77998850939e-17 5.45579127664e-17
0.291666666667 0.307590704404 0.246555804854 3.01943777226e-17 0.890998331998 0.454006577459 2.77998850939e-17 5.45579127664e-17
0.333333333333 0.307590704404 0.246555804854 3.01943777226e-17 0.890998331998 0.454006577459 2.77998850939e-17 5.45579127664e-17
0.375 0.307590704404 0.246555804854 3.01943777226e-17 0.890998331998 0.454006577459 2.77998850939e-17 5.45579127664e-17
0.416666666667 0.307590704404 0.246555804854 3.01943777226e-17 0.890998331998 0.454006577459 2.77998850939e-17 5.45579127664e-17
0.458333333333 0.307590704404 0.246555804854 3.01943777226e-17 0.890998331998 0.454006577459 2.77998850939e-17 5.45579127664e-17
0.5 0.307590704404 0.246555804854 3.01943777226e-17 0.890998331998 0.454006577459 2.77998850939e-17 5.45579127664e-17
0.541666666667 0.307590704404 0.246555804854 3.01943777226e-17 0.890998331998 0.454006577459 2.77998850939e-17 5.45579127664e-17
0.583333333333 0.307590704404 0.246555804854 3.01943777226e-17 0.890998331998 0.454006577459 2.77998850939e-17 5.45579127664e-17
0.625 0.307590704404 0.246555804854 3.01943777226e-17 0.890998331998 0.454006577459 2.77998850939e-17 5.45579127664e-17
0.666666666667 0.307590704404 0.246555804854 3.01943777226e-17 0.890998331998 0.454006577459 2.77998850939e-17 5.45579127664e-17
0.708333333333 0.307590704404 0.246555804854 3.01943777226e-17 0.890998331998 0.454006577459 2.77998850939e-17 5.45579127664e-17
0.75 0.307590704404 0.246555804854 3.01943777226e-17 0.890998331998 0.454006577459 2.77998850939e-17 5.45579127664e-17
0.791666666667 0.307590704404 0.246555804854 3.01943777226e-17 0.890998331998 0.454006577459 2.77998850939e-17 5.45579127664e-17
0.833333333333 0.307590704404 0.246555804854 3.01943777226e-17 0.890998331998 0.454006577459 2.77998850939e-17 5.45579127664e-17
0.875 0.307590704404 0.246555804854 3.01943777226e-17 0.890998331998 0.454006577459 2.77998850939e-17 5.45579127664e-17
0.916666666667 0.307590704404 0.246555804854 3.01943777226e-17 0.890998331998 0.454006577459 2.77998850939e-17 5.45579127664e-17
0.958333333333 0.307590704404 0.246555804854 3.01943777226e-17 0.890998331998 0.454006577459 2.77998850939e-17 5.45579127664e-17
1.0 0.307590704404 0.246555804854 3.01943777226e-17 0.890998331998 0.454006577459 2.77998850939e-17 5.45579127664e-17
1.04166666667 0.307590704404 0.246555804854 3.01943777226e-17 0.890998331998 0.454006577459 2.77998850939e-17 5.45579127664e-17
1.08333333333 0.307590704404 0.246555804854 3.01943777226e-17 0.890998331998 0.454006577459 2.77998850939e-17 5.45579127664e-17
1.125 0.307590704404 0.246555804854 3.01943777226e-17 0.890998331998 0.454006577459 2.77998850939e-17 5.45579127664e-17
1.16666666667 0.307590704404 0.246555804854 3.01943777226e-17 0.890998331998 0.454006577459 2.77998850939e-17 5.45579127664e-17
1.20833333333 0.307590704404 0.246555804854 3.01943777226e-17 0.890998331998 0.454006577459 2.77998850939e-17 5.45579127664e-17
1.25 0.307590704404 0.246555804854 3.01943777226e-17 0.890998331998 0.454006577459 2.77998850939e-17 5.45579127664e-17
1.29166666667 0.307590704404 0.246555804854 3.01943777226e-17 0.890998331998 0.454006577459 2.77998850939e-17 5.45579127664e-17
1.33333333333 0.307590704404 0.246555804854 3.01943777226e-17 0.890998331998 0.454006577459 2.77998850939e-17 5.45579127664e-17
1.375 0.307590704404 0.246555804854 3.01943777226e-17 0.890998331998 0.454006577459 2.77998850939e-17 5.45579127664e-17
1.41666666667 0.307590704404 0.246555804854 3.01943777226e-17 0.890998331998 0.454006577459 2.77998850939e-17 5.45579127664e-17
1.45833333333 0.307590704404 0.246555804854 3.01943777226e-17 0.890998331998 0.454006577459 2.77998850939e-17 5.45579127664e-17
1.5 0.307590704404 0.246555804854 3.01943777226e-17 0.890998331998 0.454006577459 2.77998850939e-17 5.45579127664e-17
1.54166666667 0.307590704404 0.246555804854 3.01943777226e-17 0.890998331998 0.454006577459 2.77998850939e-17 5.45579127664e-17
1.58333333333 0.307590704404 0.246555804854 3.01943777226e-17 0.890998331998 0.454006577459 2.77998850939e-17 5.45579127664e-17
1.625 0.307590704404 0.246555804854 3.01943777226e-17 0.890998331998 0.454006577459 2.77998850939e-17 5.45579127664e-17
1.66666666667 0.307590704404 0.246555804854 3.01943777226e-17 0.890998331998 0.454006577459 2.77998850939e-17 5.45579127664e-17
1.70833333333 0.307590704404 0.246555804854 3.01943777226e-17 0.890998331998 0.454006577459 2.77998850939e-17 5.45579127664e-17
1.75 0.307590704404 0.246555804854 3.01943777226e-17 0.890998331998 0.454006577459 2.77998850939e-17 5.45579127664e-17
1.79166666667 0.307590704404 0.246555804854 3.01943777226e-17 0.890998331998 0.454006577459 2.77998850939e-17 5.45579127664e-17
1.83333333333 0.307590704404 0.246555804854 3.01943777226e-17 0.890998331998 0.454006577459 2.77998850939e-17 5.45579127664e-17
1.875 0.307590704404 0.246555804854 3.01943777226e-17 0.890998331998 0.454006577459 2.77998850939e-17 5.45579127664e-17
1.91666666667 0.307590704404 0.246555804854 3.01943777226e-17 0.890998331998 0.454006577459 2.77998850939e-17 5.45579127664e-17
1.95833333333 0.307590704404 0.246555804854 3.01943777226e-17 0.890998331998 0.454006577459 2.77998850939e-17 5.45579127664e-17
2.0 0.307590704404 0.246555804854 3.01943777226e-17 0.890998331998 0.454006577459 2.77998850939e-17 5.45579127664e-17
49
0 0.297616754467 -0.196670134818 0.194318010091 0.0 0.0 -0.243892326353 0.969802316529
0.0416666666667 0.297616754467 -0.196670134818 0.194318010091 0.0 0.0 -0.243892326353 0.969802316529
0.0833333333333 0.297616754467 -0.196670134818 0.194318010091 0.0 0.0 -0.243892326353 0.969802316529
0.125 0.297616754467 -0.196670134818 0.194318010091 0.0 0.0 -0.243892326353 0.969802316529
0.166666666667 0.297616754467 -0.196670134818 0.194318010091 0.0 0.0 -0.243892326353 0.969802316529
0.208333333333 0.297616754467 -0.196670134818 0.194318010091 0.0 0.0 -0.243892326353 0.969802316529
0.25 0.297616754467 -0.196670134818 0.194318010091 0.0 0.0 -0.243892326353 0.969802316529
0.291666666667 0.297616754467 -0.196670134818 0.194318010091 0.0 0.0 -0.243892326353 0.969802316529
0.333333333333 0.297616754467 -0.196670134818 0.194318010091 0.0 0.0 -0.243892326353 0.969802316529
0.375 0.297616754467 -0.196670134818 0.194318010091 0.0 0.0 -0.243892326353 0.969802316529
0.416666666667 0.297616754467 -0.196670134818 0.194318010091 0.0 0.0 -0.243892326353 0.969802316529
0.458333333333 0.297616754467 -0.196670134818 0.194318010091 0.0 0.0 -0.243892326353 0.969802316529
0.5 0.297616754467 -0.196670134818 0.194318010091 0.0 0.0 -0.243892326353 0.969802316529
0.541666666667 0.297616754467 -0.196670134818 0.194318010091 0.0 0.0 -0.243892326353 0.969802316529
0.583333333333 0.297616754467 -0.196670134818 0.194318010091 0.0 0.0 -0.243892326353 0.969802316529
0.625 0.297616754467 -0.196670134818 0.194318010091 0.0 0.0 -0.243892326353 0.969802316529
0.666666666667 0.297616754467 -0.196670134818 0.194318010091 0.0 0.0 -0.243892326353 0.969802316529
0.708333333333 0.297616754467 -0.196670134818 0.194318010091 0.0 0.0 -0.243892326353 0.969802316529
0.75 0.297616754467 -0.196670134818 0.194318010091 0.0 0.0 -0.243892326353 0.969802316529
0.791666666667 0.297616754467 -0.196670134818 0.194318010091 0.0 0.0 -0.243892326353 0.969802316529
0.833333333333 0.297616754467 -0.196670134818 0.194318010091 0.0 0.0 -0.243892326353 0.969802316529
0.875 0.297616754467 -0.196670134818 0.194318010091 0.0 0.0 -0.243892326353 0.969802316529
0.916666666667 0.297616754467 -0.196670134818 0.194318010091 0.0 0.0 -0.243892326353 0.969802316529
0.958333333333 0.297616754467 -0.196670134818 0.194318010091 0.0 0.0 -0.243892326353 0.969802316529
1.0 0.297616754467 -0.196670134818 0.194318010091 0.0 0.0 -0.243892326353 0.969802316529
1.04166666667 0.297616754467 -0.196670134818 0.194318010091 0.0 0.0 -0.243892326353 0.969802316529
1.08333333333 0.297616754467 -0.196670134818 0.194318010091 0.0 0.0 -0.243892326353 0.969802316529
1.125 0.297616754467 -0.196670134818 0.194318010091 0.0 0.0 -0.243892326353 0.969802316529
1.16666666667 0.297616754467 -0.196670134818 0.194318010091 0.0 0.0 -0.243892326353 0.969802316529
1.20833333333 0.297616754467 -0.196670134818 0.194318010091 0.0 0.0 -0.243892326353 0.969802316529
1.25 0.297616754467 -0.196670134818 0.194318010091 0.0 0.0 -0.243892326353 0.969802316529
1.29166666667 0.297616754467 -0.196670134818 0.194318010091 0.0 0.0 -0.243892326353 0.969802316529
1.33333333333 0.297616754467 -0.196670134818 0.194318010091 0.0 0.0 -0.243892326353 0.969802316529
1.375 0.297616754467 -0.196670134818 0.194318010091 0.0 0.0 -0.243892326353 0.969802316529
1.41666666667 0.297616754467 -0.196670134818 0.194318010091 0.0 0.0 -0.243892326353 0.969802316529
1.45833333333 0.297616754467 -0.196670134818 0.194318010091 0.0 0.0 -0.243892326353 0.969802316529
1.5 0.297616754467 -0.196670134818 0.194318010091 0.0 0.0 -0.243892326353 0.969802316529
1.54166666667 0.297616754467 -0.196670134818 0.194318010091 0.0 0.0 -0.243892326353 0.969802316529
1.58333333333 0.297616754467 -0.196670134818 0.194318010091 0.0 0.0 -0.243892326353 0.969802316529
1.625 0.297616754467 -0.196670134818 0.194318010091 0.0 0.0 -0.243892326353 0.969802316529
1.66666666667 0.297616754467 -0.196670134818 0.194318010091 0.0 0.0 -0.243892326353 0.969802316529
1.70833333333 0.297616754467 -0.196670134818 0.194318010091 0.0 0.0 -0.243892326353 0.969802316529
1.75 0.297616754467 -0.196670134818 0.194318010091 0.0 0.0 -0.243892326353 0.969802316529
1.79166666667 0.297616754467 -0.196670134818 0.194318010091 0.0 0.0 -0.243892326353 0.969802316529
1.83333333333 0.297616754467 -0.196670134818 0.194318010091 0.0 0.0 -0.243892326353 0.969802316529
1.875 0.297616754467 -0.196670134818 0.194318010091 0.0 0.0 -0.243892326353 0.969802316529
1.91666666667 0.297616754467 -0.196670134818 0.194318010091 0.0 0.0 -0.243892326353 0.969802316529
1.95833333333 0.297616754467 -0.196670134818 0.194318010091 0.0 0.0 -0.243892326353 0.969802316529
2.0 0.297616754467 -0.196670134818 0.194318010091 0.0 0.0 -0.243892326353 0.969802316529
49
0 0.768140180476 2.28983498829e-16 6.24500451352e-17 -0.219168923559 -0.0282529986897 -0.42412218917 0.878229537003
0.0416666666667 0.768140180476 2.28983498829e-16 6.24500451352e-17 -0.219168923559 -0.0282529986897 -0.42412218917 0.878229537003
0.0833333333333 0.768140180476 2.28983498829e-16 6.24500451352e-17 -0.219168923559 -0.0282529986897 -0.42412218917 0.878229537003
0.125 0.768140180476 2.28983498829e-16 6.24500451352e-17 -0.219168923559 -0.0282529986897 -0.42412218917 0.878229537003
0.166666666667 0.768140180476 2.28983498829e-16 6.24500451352e-17 -0.219168923559 -0.0282529986897 -0.42412218917 0.878229537003
0.208333333333 0.768140180476 2.28983498829e-16 6.24500451352e-17 -0.219168923559 -0.0282529986897 -0.42412218917 0.878229537003
0.25 0.768140180476 2.28983498829e-16 6.24500451352e-17 -0.219168923559 -0.0282529986897 -0.42412218917 0.878229537003
0.291666666667 0.768140180476 2.28983498829e-16 6.24500451352e-17 -0.219168923559 -0.0282529986897 -0.42412218917 0.878229537003
0.333333333333 0.768140180476 2.28983498829e-16 6.24500451352e-17 -0.219168923559 -0.0282529986897 -0.42412218917 0.878229537003
0.375 0.768140180476 2.28983498829e-16 6.24500451352e-17 -0.219168923559 -0.0282529986897 -0.42412218917 0.878229537003
0.416666666667 0.768140180476 2.28983498829e-16 6.24500451352e-17 -0.219168923559 -0.0282529986897 -0.42412218917 0.878229537003
0.458333333333 0.768140180476 2.28983498829e-16 6.24500451352e-17 -0.219168923559 -0.0282529986897 -0.42412218917 0.878229537003
0.5 0.768140180476 2.28983498829e-16 6.24500451352e-17 -0.219168923559 -0.0282529986897 -0.42412218917 0.878229537003
0.541666666667 0.768140180476 2.28983498829e-16 6.24500451352e-17 -0.219168923559 -0.0282529986897 -0.42412218917 0.878229537003
0.583333333333 0.768140180476 2.28983498829e-16 6.24500451352e-17 -0.219168923559 -0.0282529986897 -0.42412218917 0.878229537003
0.625 0.768140180476 2.28983498829e-16 6.24500451352e-17 -0.219168923559 -0.0282529986897 -0.42412218917 0.878229537003
0.666666666667 0.768140180476 2.28983498829e-16 6.24500451352e-17 -0.219168923559 -0.0282529986897 -0.42412218917 0.878229537003
0.708333333333 0.768140180476 2.28983498829e-16 6.24500451352e-17 -0.219168923559 -0.0282529986897 -0.42412218917 0.878229537003
0.75 0.768140180476 2.28983498829e-16 6.24500451352e-17 -0.219168923559 -0.0282529986897 -0.42412218917 0.878229537003
0.791666666667 0.768140180476 2.28983498829e-16 6.24500451352e-17 -0.219168923559 -0.0282529986897 -0.42412218917 0.878229537003
0.833333333333 0.768140180476 2.28983498829e-16 6.24500451352e-17 -0.219168923559 -0.0282529986897 -0.42412218917 0.878229537003
0.875 0.768140180476 2.28983498829e-16 6.24500451352e-17 -0.219168923559 -0.0282529986897 -0.42412218917 0.878229537003
0.916666666667 0.768140180476 2.28983498829e-16 6.24500451352e-17 -0.219168923559 -0.0282529986897 -0.42412218917 0.878229537003
0.958333333333 0.768140180476 2.28983498829e-16 6.24500451352e-17 -0.219168923559 -0.0282529986897 -0.42412218917 0.878229537003
1.0 0.768140180476 2.28983498829e-16 6.24500451352e-17 -0.219168923559 -0.0282529986897 -0.42412218917 0.878229537003
1.04166666667 0.768140180476 2.28983498829e-16 6.24500451352e-17 -0.219168923559 -0.0282529986897 -0.42412218917 0.878229537003
1.08333333333 0.768140180476 2.28983498829e-16 6.24500451352e-17 -0.219168923559 -0.0282529986897 -0.42412218917 0.878229537003
1.125 0.768140180476 2.28983498829e-16 6.24500451352e-17 -0.219168923559 -0.0282529986897 -0.42412218917 0.878229537003
1.16666666667 0.768140180476 2.28983498829e-16 6.24500451352e-17 -0.219168923559 -0.0282529986897 -0.42412218917 0.878229537003
1.20833333333 0.768140180476 2.28983498829e-16 6.24500451352e-17 -0.219168923559 -0.0282529986897 -0.42412218917 0.878229537003
1.25 0.768140180476 2.28983498829e-16 6.24500451352e-17 -0.219168923559 -0.0282529986897 -0.42412218917 0.878229537003
1.29166666667 0.768140180476 2.28983498829e-16 6.24500451352e-17 -0.219168923559 -0.0282529986897 -0.42412218917 0.878229537003
1.33333333333 0.768140180476 2.28983498829e-16 6.24500451352e-17 -0.219168923559 -0.0282529986897 -0.42412218917 0.878229537003
1.375 0.768140180476 2.28983498829e-16 6.24500451352e-17 -0.219168923559 -0.0282529986897 -0.42412218917 0.878229537003
1.41666666667 0.768140180476 2.28983498829e-16 6.24500451352e-17 -0.219168923559 -0.0282529986897 -0.42412218917 0.878229537003
1.45833333333 0.768140180476 2.28983498829e-16 6.24500451352e-17 -0.219168923559 -0.0282529986897 -0.42412218917 0.878229537003
1.5 0.768140180476 2.28983498829e-16 6.24500451352e-17 -0.219168923559 -0.0282529986897 -0.42412218917 0.878229537003
1.54166666667 0.768140180476 2.28983498829e-16 6.24500451352e-17 -0.219168923559 -0.0282529986897 -0.42412218917 0.878229537003
1.58333333333 0.768140180476 2.28983498829e-16 6.24500451352e-17 -0.219168923559 -0.0282529986897 -0.42412218917 0.878229537003
1.625 0.768140180476 2.28983498829e-16 6.24500451352e-17 -0.219168923559 -0.0282529986897 -0.42412218917 0.878229537003
1.66666666667 0.768140180476 2.28983498829e-16 6.24500451352e-17 -0.219168923559 -0.0282529986897 -0.42412218917 0.878229537003
1.70833333333 0.768140180476 2.28983498829e-16 6.24500451352e-17 -0.219168923559 -0.0282529986897 -0.42412218917 0.878229537003
1.75 0.768140180476 2.28983498829e-16 6.24500451352e-17 -0.219168923559 -0.0282529986897 -0.42412218917 0.878229537003
1.79166666667 0.768140180476 2.28983498829e-16 6.24500451352e-17 -0.219168923559 -0.0282529986897 -0.42412218917 0.878229537003
1.83333333333 0.768140180476 2.28983498829e-16 6.24500451352e-17 -0.219168923559 -0.0282529986897 -0.42412218917 0.878229537003
1.875 0.768140180476 2.28983498829e-16 6.24500451352e-17 -0.219168923559 -0.0282529986897 -0.42412218917 0.878229537003
1.91666666667 0.768140180476 2.28983498829e-16 6.24500451352e-17 -0.219168923559 -0.0282529986897 -0.42412218917 0.878229537003
1.95833333333 0.768140180476 2.28983498829e-16 6.24500451352e-17 -0.219168923559 -0.0282529986897 -0.42412218917 0.878229537003
2.0 0.768140180476 2.28983498829e-16 6.24500451352e-17 -0.219168923559 -0.0282529986897 -0.42412218917 0.878229537003
49
0 0.441451363264 0.356894971473 -0.242437008712 0.788176584514 0.591997808605 0.0246032039156 0.166466058368
0.0416666666667 0.441451363264 0.356894971473 -0.242437008712 0.788176584514 0.591997808605 0.0246032039156 0.166466058368
0.0833333333333 0.441451363264 0.356894971473 -0.242437008712 0.788176584514 0.591997808605 0.0246032039156 0.166466058368
0.125 0.441451363264 0.356894971473 -0.242437008712 0.788176584514 0.591997808605 0.0246032039156 0.166466058368
0.166666666667 0.441451363264 0.356894971473 -0.242437008712 0.788176584514 0.591997808605 0.0246032039156 0.166466058368
0.208333333333 0.441451363264 0.356894971473 -0.242437008712 0.788176584514 0.591997808605 0.0246032039156 0.166466058368
0.25 0.441451363264 0.356894971473 -0.242437008712 0.788176584514 0.591997808605 0.0246032039156 0.166466058368
0.291666666667 0.441451363264 0.356894971473 -0.242437008712 0.788176584514 0.591997808605 0.0246032039156 0.166466058368
0.333333333333 0.441451363264 0.356894971473 -0.242437008712 0.788176584514 0.591997808605 0.0246032039156 0.166466058368
0.375 0.441451363264 0.356894971473 -0.242437008712 0.788176584514 0.591997808605 0.0246032039156 0.166466058368
0.416666666667 0.441451363264 0.356894971473 -0.242437008712 0.788176584514 0.591997808605 0.0246032039156 0.166466058368
0.458333333333 0.441451363264 0.356894971473 -0.242437008712 0.788176584514 0.591997808605 0.0246032039156 0.166466058368
0.5 0.441451363264 0.356894971473 -0.242437008712 0.788176584514 0.591997808605 0.0246032039156 0.166466058368
0.541666666667 0.441451363264 0.356894971473 -0.242437008712 0.788176584514 0.591997808605 0.0246032039156 0.166466058368
0.583333333333 0.441451363264 0.356894971473 -0.242437008712 0.788176584514 0.591997808605 0.0246032039156 0.166466058368
0.625 0.441451363264 0.356894971473 -0.242437008712 0.788176584514 0.591997808605 0.0246032039156 0.166466058368
0.666666666667 0.441451363264 0.356894971473 -0.242437008712 0.788176584514 0.591997808605 0.0246032039156 0.166466058368
0.708333333333 0.441451363264 0.356894971473 -0.242437008712 0.788176584514 0.591997808605 0.0246032039156 0.166466058368
0.75 0.441451363264 0.356894971473 -0.242437008712 0.788176584514 0.591997808605 0.0246032039156 0.166466058368
0.791666666667 0.441451363264 0.356894971473 -0.242437008712 0.788176584514 0.591997808605 0.0246032039156 0.166466058368
0.833333333333 0.441451363264 0.356894971473 -0.242437008712 0.788176584514 0.591997808605 0.0246032039156 0.166466058368
0.875 0.441451363264 0.356894971473 -0.242437008712 0.788176584514 0.591997808605 0.0246032039156 0.166466058368
0.916666666667 0.441451363264 0.356894971473 -0.242437008712 0.788176584514 0.591997808605 0.0246032039156 0.166466058368
0.958333333333 0.441451363264 0.356894971473 -0.242437008712 0.788176584514 0.591997808605 0.0246032039156 0.166466058368
1.0 0.441451363264 0.356894971473 -0.242437008712 0.788176584514 0.591997808605 0.0246032039156 0.166466058368
1.04166666667 0.441451363264 0.356894971473 -0.242437008712 0.788176584514 0.591997808605 0.0246032039156 0.166466058368
1.08333333333 0.441451363264 0.356894971473 -0.242437008712 0.788176584514 0.591997808605 0.0246032039156 0.166466058368
1.125 0.441451363264 0.356894971473 -0.242437008712 0.788176584514 0.591997808605 0.0246032039156 0.166466058368
1.16666666667 0.441451363264 0.356894971473 -0.242437008712 0.788176584514 0.591997808605 0.0246032039156 0.166466058368
1.20833333333 0.441451363264 0.356894971473 -0.242437008712 0.788176584514 0.591997808605 0.0246032039156 0.166466058368
1.25 0.441451363264 0.356894971473 -0.242437008712 0.788176584514 0.591997808605 0.0246032039156 0.166466058368
1.29166666667 0.441451363264 0.356894971473 -0.242437008712 0.788176584514 0.591997808605 0.0246032039156 0.166466058368
1.33333333333 0.441451363264 0.356894971473 -0.242437008712 0.788176584514 0.591997808605 0.0246032039156 0.166466058368
1.375 0.441451363264 0.356894971473 -0.242437008712 0.788176584514 0.591997808605 0.0246032039156 0.166466058368
1.41666666667 0.441451363264 0.356894971473 -0.242437008712 0.788176584514 0.591997808605 0.0246032039156 0.166466058368
1.45833333333 0.441451363264 0.356894971473 -0.242437008712 0.788176584514 0.591997808605 0.0246032039156 0.166466058368
1.5 0.441451363264 0.356894971473 -0.242437008712 0.788176584514 0.591997808605 0.0246032039156 0.166466058368
1.54166666667 0.441451363264 0.356894971473 -0.242437008712 0.788176584514 0.591997808605 0.0246032039156 0.166466058368
1.58333333333 0.441451363264 0.356894971473 -0.242437008712 0.788176584514 0.591997808605 0.0246032039156 0.166466058368
1.625 0.441451363264 0.356894971473 -0.242437008712 0.788176584514 0.591997808605 0.0246032039156 0.166466058368
1.66666666667 0.441451363264 0.356894971473 -0.242437008712 0.788176584514 0.591997808605 0.0246032039156 0.166466058368
1.70833333333 0.441451363264 0.356894971473 -0.242437008712 0.788176584514 0.591997808605 0.0246032039156 0.166466058368
1.75 0.441451363264 0.356894971473 -0.242437008712 0.788176584514 0.591997808605 0.0246032039156 0.166466058368
1.79166666667 0.441451363264 0.356894971473 -0.242437008712 0.788176584514 0.591997808605 0.0246032039156 0.166466058368
1.83333333333 0.441451363264 0.356894971473 -0.242437008712 0.788176584514 0.591997808605 0.0246032039156 0.166466058368
1.875 0.441451363264 0.356894971473 -0.242437008712 0.788176584514 0.591997808605 0.0246032039156 0.166466058368
1.91666666667 0.441451363264 0.356894971473 -0.242437008712 0.788176584514 0.591997808605 0.0246032039156 0.166466058368
1.95833333333 0.441451363264 0.356894971473 -0.242437008712 0.788176584514 0.591997808605 0.0246032039156 0.166466058368
2.0 0.441451363264 0.356894971473 -0.242437008712 0.788176584514 0.591997808605 0.0246032039156 0.166466058368
49
0 1.24156761689 0.16996424061 -0.00947438048965 -0.332120493775 -0.0414673797666 0.00238889693347 0.942321987009
0.0416666666667 1.24156761689 0.16996424061 -0.00947438048965 -0.332120493775 -0.0414673797666 0.00238889693347 0.942321987009
0.0833333333333 1.24156761689 0.16996424061 -0.00947438048965 -0.332120493775 -0.0414673797666 0.00238889693347 0.942321987009
0.125 1.24156761689 0.16996424061 -0.00947438048965 -0.332120493775 -0.0414673797666 0.00238889693347 0.942321987009
0.166666666667 1.24156761689 0.16996424061 -0.00947438048965 -0.332120493775 -0.0414673797666 0.00238889693347 0.942321987009
0.208333333333 1.24156761689 0.16996424061 -0.00947438048965 -0.332120493775 -0.0414673797666 0.00238889693347 0.942321987009
0.25 1.24156761689 0.16996424061 -0.00947438048965 -0.332120493775 -0.0414673797666 0.00238889693347 0.942321987009
0.291666666667 1.24156761689 0.16996424061 -0.00947438048965 -0.332120493775 -0.0414673797666 0.00238889693347 0.942321987009
0.333333333333 1.24156761689 0.16996424061 -0.00947438048965 -0.332120493775 -0.0414673797666 0.00238889693347 0.942321987009
0.375 1.24156761689 0.16996424061 -0.00947438048965 -0.332120493775 -0.0414673797666 0.00238889693347 0.942321987009
0.416666666667 1.24156761689 0.16996424061 -0.00947438048965 -0.332120493775 -0.0414673797666 0.00238889693347 0.942321987009
0.458333333333 1.24156761689 0.16996424061 -0.00947438048965 -0.332120493775 -0.0414673797666 0.00238889693347 0.942321987009
0.5 1.24156761689 0.16996424061 -0.00947438048965 -0.332120493775 -0.0414673797666 0.00238889693347 0.942321987009
0.541666666667 1.24156761689 0.16996424061 -0.00947438048965 -0.332120493775 -0.0414673797666 0.00238889693347 0.942321987009
0.583333333333 1.24156761689 0.16996424061 -0.00947438048965 -0.332120493775 -0.0414673797666 0.00238889693347 0.942321987009
0.625 1.24156761689 0.16996424061 -0.00947438048965 -0.332120493775 -0.0414673797666 0.00238889693347 0.942321987009
0.666666666667 1.24156761689 0.16996424061 -0.00947438048965 -0.332120493775 -0.0414673797666 0.00238889693347 0.942321987009
0.708333333333 1.24156761689 0.16996424061 -0.00947438048965 -0.332120493775 -0.0414673797666 0.00238889693347 0.942321987009
0.75 1.24156761689 0.16996424061 -0.00947438048965 -0.332120493775 -0.0414673797666 0.00238889693347 0.942321987009
0.791666666667 1.24156761689 0.16996424061 -0.00947438048965 -0.332120493775 -0.0414673797666 0.00238889693347 0.942321987009
0.833333333333 1.24156761689 0.16996424061 -0.00947438048965 -0.332120493775 -0.0414673797666 0.00238889693347 0.942321987009
0.875 1.24156761689 0.16996424061 -0.00947438048965 -0.332120493775 -0.0414673797666 0.00238889693347 0.942321987009
0.916666666667 1.24156761689 0.16996424061 -0.00947438048965 -0.332120493775 -0.0414673797666 0.00238889693347 0.942321987009
0.958333333333 1.24156761689 0.16996424061 -0.00947438048965 -0.332120493775 -0.0414673797666 0.00238889693347 0.942321987009
1.0 1.24156761689 0.16996424061 -0.00947438048965 -0.332120493775 -0.0414673797666 0.00238889693347 0.942321987009
1.04166666667 1.24156761689 0.16996424061 -0.00947438048965 -0.332120493775 -0.0414673797666 0.00238889693347 0.942321987009
1.08333333333 1.24156761689 0.16996424061 -0.00947438048965 -0.332120493775 -0.0414673797666 0.00238889693347 0.942321987009
1.125 1.24156761689 0.16996424061 -0.00947438048965 -0.332120493775 -0.0414673797666 0.00238889693347 0.942321987009
1.16666666667 1.24156761689 0.16996424061 -0.00947438048965 -0.332120493775 -0.0414673797666 0.00238889693347 0.942321987009
1.20833333333 1.24156761689 0.16996424061 -0.00947438048965 -0.332120493775 -0.0414673797666 0.00238889693347 0.942321987009
1.25 1.24156761689 0.16996424061 -0.00947438048965 -0.332120493775 -0.0414673797666 0.00238889693347 0.942321987009
1.29166666667 1.24156761689 0.16996424061 -0.00947438048965 -0.332120493775 -0.0414673797666 0.00238889693347 0.942321987009
1.33333333333 1.24156761689 0.16996424061 -0.00947438048965 -0.332120493775 -0.0414673797666 0.00238889693347 0.942321987009
1.375 1.24156761689 0.16996424061 -0.00947438048965 -0.332120493775 -0.0414673797666 0.00238889693347 0.942321987009
1.41666666667 1.24156761689 0.16996424061 -0.00947438048965 -0.332120493775 -0.0414673797666 0.00238889693347 0.942321987009
1.45833333333 1.24156761689 0.16996424061 -0.00947438048965 -0.332120493775 -0.0414673797666 0.00238889693347 0.942321987009
1.5 1.24156761689 0.16996424061 -0.00947438048965 -0.332120493775 -0.0414673797666 0.00238889693347 0.942321987009
1.54166666667 1.24156761689 0.16996424061 -0.00947438048965 -0.332120493775 -0.0414673797666 0.00238889693347 0.942321987009
1.58333333333 1.24156761689 0.16996424061 -0.00947438048965 -0.332120493775 -0.0414673797666 0.00238889693347 0.942321987009
1.625 1.24156761689 0.16996424061 -0.00947438048965 -0.332120493775 -0.0414673797666 0.00238889693347 0.942321987009
1.66666666667 1.24156761689 0.16996424061 -0.00947438048965 -0.332120493775 -0.0414673797666 0.00238889693347 0.942321987009
1.70833333333 1.24156761689 0.16996424061 -0.00947438048965 -0.332120493775 -0.0414673797666 0.00238889693347 0.942321987009
1.75 1.24156761689 0.16996424061 -0.00947438048965 -0.332120493775 -0.0414673797666 0.00238889693347 0.942321987009
1.79166666667 1.24156761689 0.16996424061 -0.00947438048965 -0.332120493775 -0.0414673797666 0.00238889693347 0.942321987009
1.83333333333 1.24156761689 0.16996424061 -0.00947438048965 -0.332120493775 -0.0414673797666 0.00238889693347 0.942321987009
1.875 1.24156761689 0.16996424061 -0.00947438048965 -0.332120493775 -0.0414673797666 0.00238889693347 0.942321987009
1.91666666667 1.24156761689 0.16996424061 -0.00947438048965 -0.332120493775 -0.0414673797666 0.00238889693347 0.942321987009
1.95833333333 1.24156761689 0.16996424061 -0.00947438048965 -0.332120493775 -0.0414673797666 0.00238889693347 0.942321987009
2.0 1.24156761689 0.16996424061 -0.00947438048965 -0.332120493775 -0.0414673797666 0.00238889693347 0.942321987009
49
0 0.606021794385 -1.2203834601e-16 0.100509112361 0.0 0.0 -0.285080599816 0.958503548042
0.0416666666667 0.606021794385 -1.2203834601e-16 0.100509112361 0.0 0.0 -0.285080599816 0.958503548042
0.0833333333333 0.606021794385 -1.2203834601e-16 0.100509112361 0.0 0.0 -0.285080599816 0.958503548042
0.125 0.606021794385 -1.2203834601e-16 0.100509112361 0.0 0.0 -0.285080599816 0.958503548042
0.166666666667 0.606021794385 -1.2203834601e-16 0.100509112361 0.0 0.0 -0.285080599816 0.958503548042
0.208333333333 0.606021794385 -1.2203834601e-16 0.100509112361 0.0 0.0 -0.285080599816 0.958503548042
0.25 0.606021794385 -1.2203834601e-16 0.100509112361 0.0 0.0 -0.285080599816 0.958503548042
0.291666666667 0.606021794385 -1.2203834601e-16 0.100509112361 0.0 0.0 -0.285080599816 0.958503548042
0.333333333333 0.606021794385 -1.2203834601e-16 0.100509112361 0.0 0.0 -0.285080599816 0.958503548042
0.375 0.606021794385 -1.2203834601e-16 0.100509112361 0.0 0.0 -0.285080599816 0.958503548042
0.416666666667 0.606021794385 -1.2203834601e-16 0.100509112361 0.0 0.0 -0.285080599816 0.958503548042
0.458333333333 0.606021794385 -1.2203834601e-16 0.100509112361 0.0 0.0 -0.285080599816 0.958503548042
0.5 0.606021794385 -1.2203834601e-16 0.100509112361 0.0 0.0 -0.285080599816 0.958503548042
0.541666666667 0.606021794385 -1.2203834601e-16 0.100509112361 0.0 0.0 -0.285080599816 0.958503548042
0.583333333333 0.606021794385 -1.2203834601e-16 0.100509112361 0.0 0.0 -0.285080599816 0.958503548042
0.625 0.606021794385 -1.2203834601e-16 0.100509112361 0.0 0.0 -0.285080599816 0.958503548042
0.666666666667 0.606021794385 -1.2203834601e-16 0.100509112361 0.0 0.0 -0.285080599816 0.958503548042
0.708333333333 0.606021794385 -1.2203834601e-16 0.100509112361 0.0 0.0 -0.285080599816 0.958503548042
0.75 0.606021794385 -1.2203834601e-16 0.100509112361 0.0 0.0 -0.285080599816 0.958503548042
0.791666666667 0.606021794385 -1.2203834601e-16 0.100509112361 0.0 0.0 -0.285080599816 0.958503548042
0.833333333333 0.606021794385 -1.2203834601e-16 0.100509112361 0.0 0.0 -0.285080599816 0.958503548042
0.875 0.606021794385 -1.2203834601e-16 0.100509112361 0.0 0.0 -0.285080599816 0.958503548042
0.916666666667 0.606021794385 -1.2203834601e-16 0.100509112361 0.0 0.0 -0.285080599816 0.958503548042
0.958333333333 0.606021794385 -1.2203834601e-16 0.100509112361 0.0 0.0 -0.285080599816 0.958503548042
1.0 0.606021794385 -1.2203834601e-16 0.100509112361 0.0 0.0 -0.285080599816 0.958503548042
1.04166666667 0.606021794385 -1.2203834601e-16 0.100509112361 0.0 0.0 -0.285080599816 0.958503548042
1.08333333333 0.606021794385 -1.2203834601e-16 0.100509112361 0.0 0.0 -0.285080599816 0.958503548042
1.125 0.606021794385 -1.2203834601e-16 0.100509112361 0.0 0.0 -0.285080599816 0.958503548042
1.16666666667 0.606021794385 -1.2203834601e-16 0.100509112361 0.0 0.0 -0.285080599816 0.958503548042
1.20833333333 0.606021794385 -1.2203834601e-16 0.100509112361 0.0 0.0 -0.285080599816 0.958503548042
1.25 0.606021794385 -1.2203834601e-16 0.100509112361 0.0 0.0 -0.285080599816 0.958503548042
1.29166666667 0.606021794385 -1.2203834601e-16 0.100509112361 0.0 0.0 -0.285080599816 0.958503548042
1.33333333333 0.606021794385 -1.2203834601e-16 0.100509112361 0.0 0.0 -0.285080599816 0.958503548042
1.375 0.606021794385 -1.2203834601e-16 0.100509112361 0.0 0.0 -0.285080599816 0.958503548042
1.41666666667 0.606021794385 -1.2203834601e-16 0.100509112361 0.0 0.0 -0.285080599816 0.958503548042
1.45833333333 0.606021794385 -1.2203834601e-16 0.100509112361 0.0 0.0 -0.285080599816 0.958503548042
1.5 0.606021794385 -1.2203834601e-16 0.100509112361 0.0 0.0 -0.285080599816 0.958503548042
1.54166666667 0.606021794385 -1.2203834601e-16 0.100509112361 0.0 0.0 -0.285080599816 0.958503548042
1.58333333333 0.606021794385 -1.2203834601e-16 0.100509112361 0.0 0.0 -0.285080599816 0.958503548042
1.625 0.606021794385 -1.2203834601e-16 0.100509112361 0.0 0.0 -0.285080599816 0.958503548042
1.66666666667 0.606021794385 -1.2203834601e-16 0.100509112361 0.0 0.0 -0.285080599816 0.958503548042
1.70833333333 0.606021794385 -1.2203834601e-16 0.100509112361 0.0 0.0 -0.285080599816 0.958503548042
1.75 0.606021794385 -1.2203834601e-16 0.100509112361 0.0 0.0 -0.285080599816 0.958503548042
1.79166666667 0.606021794385 -1.2203834601e-16 0.100509112361 0.0 0.0 -0.285080599816 0.958503548042
1.83333333333 0.606021794385 -1.2203834601e-16 0.100509112361 0.0 0.0 -0.285080599816 0.958503548042
1.875 0.606021794385 -1.2203834601e-16 0.100509112361 0.0 0.0 -0.285080599816 0.958503548042
1.91666666667 0.606021794385 -1.2203834601e-16 0.100509112361 0.0 0.0 -0.285080599816 0.958503548042
1.95833333333 0.606021794385 -1.2203834601e-16 0.100509112361 0.0 0.0 -0.285080599816 0.958503548042
2.0 0.606021794385 -1.2203834601e-16 0.100509112361 0.0 0.0 -0.285080599816 0.958503548042
49
0 0.600464676369 -9.02515445757e-18 0.186545289688 0.0 0.0 -0.33457883965 0.942367762637
0.0416666666667 0.600464676369 -9.02515445757e-18 0.186545289688 0.0 0.0 -0.33457883965 0.942367762637
0.0833333333333 0.600464676369 -9.02515445757e-18 0.186545289688 0.0 0.0 -0.33457883965 0.942367762637
0.125 0.600464676369 -9.02515445757e-18 0.186545289688 0.0 0.0 -0.33457883965 0.942367762637
0.166666666667 0.600464676369 -9.02515445757e-18 0.186545289688 0.0 0.0 -0.33457883965 0.942367762637
0.208333333333 0.600464676369 -9.02515445757e-18 0.186545289688 0.0 0.0 -0.33457883965 0.942367762637
0.25 0.600464676369 -9.02515445757e-18 0.186545289688 0.0 0.0 -0.33457883965 0.942367762637
0.291666666667 0.600464676369 -9.02515445757e-18 0.186545289688 0.0 0.0 -0.33457883965 0.942367762637
0.333333333333 0.600464676369 -9.02515445757e-18 0.186545289688 0.0 0.0 -0.33457883965 0.942367762637
0.375 0.600464676369 -9.02515445757e-18 0.186545289688 0.0 0.0 -0.33457883965 0.942367762637
0.416666666667 0.600464676369 -9.02515445757e-18 0.186545289688 0.0 0.0 -0.33457883965 0.942367762637
0.458333333333 0.600464676369 -9.02515445757e-18 0.186545289688 0.0 0.0 -0.33457883965 0.942367762637
0.5 0.600464676369 -9.02515445757e-18 0.186545289688 0.0 0.0 -0.33457883965 0.942367762637
0.541666666667 0.600464676369 -9.02515445757e-18 0.186545289688 0.0 0.0 -0.33457883965 0.942367762637
0.583333333333 0.600464676369 -9.02515445757e-18 0.186545289688 0.0 0.0 -0.33457883965 0.942367762637
0.625 0.600464676369 -9.02515445757e-18 0.186545289688 0.0 0.0 -0.33457883965 0.942367762637
0.666666666667 0.600464676369 -9.02515445757e-18 0.186545289688 0.0 0.0 -0.33457883965 0.942367762637
0.708333333333 0.600464676369 -9.02515445757e-18 0.186545289688 0.0 0.0 -0.33457883965 0.942367762637
0.75 0.600464676369 -9.02515445757e-18 0.186545289688 0.0 0.0 -0.33457883965 0.942367762637
0.791666666667 0.600464676369 -9.02515445757e-18 0.186545289688 0.0 0.0 -0.33457883965 0.942367762637
0.833333333333 0.600464676369 -9.02515445757e-18 0.186545289688 0.0 0.0 -0.33457883965 0.942367762637
0.875 0.600464676369 -9.02515445757e-18 0.186545289688 0.0 0.0 -0.33457883965 0.942367762637
0.916666666667 0.600464676369 -9.02515445757e-18 0.186545289688 0.0 0.0 -0.33457883965 0.942367762637
0.958333333333 0.600464676369 -9.02515445757e-18 0.186545289688 0.0 0.0 -0.33457883965 0.942367762637
1.0 0.600464676369 -9.02515445757e-18 0.186545289688 0.0 0.0 -0.33457883965 0.942367762637
1.04166666667 0.600464676369 -9.02515445757e-18 0.186545289688 0.0 0.0 -0.33457883965 0.942367762637
1.08333333333 0.600464676369 -9.02515445757e-18 0.186545289688 0.0 0.0 -0.33457883965 0.942367762637
1.125 0.600464676369 -9.02515445757e-18 0.186545289688 0.0 0.0 -0.33457883965 0.942367762637
1.16666666667 0.600464676369 -9.02515445757e-18 0.186545289688 0.0 0.0 -0.33457883965 0.942367762637
1.20833333333 0.600464676369 -9.02515445757e-18 0.186545289688 0.0 0.0 -0.33457883965 0.942367762637
1.25 0.600464676369 -9.02515445757e-18 0.186545289688 0.0 0.0 -0.33457883965 0.942367762637
1.29166666667 0.600464676369 -9.02515445757e-18 0.186545289688 0.0 0.0 -0.33457883965 0.942367762637
1.33333333333 0.600464676369 -9.02515445757e-18 0.186545289688 0.0 0.0 -0.33457883965 0.942367762637
1.375 0.600464676369 -9.02515445757e-18 0.186545289688 0.0 0.0 -0.33457883965 0.942367762637
1.41666666667 0.600464676369 -9.02515445757e-18 0.186545289688 0.0 0.0 -0.33457883965 0.942367762637
1.45833333333 0.600464676369 -9.02515445757e-18 0.186545289688 0.0 0.0 -0.33457883965 0.942367762637
1.5 0.600464676369 -9.02515445757e-18 0.186545289688 0.0 0.0 -0.33457883965 0.942367762637
1.54166666667 0.600464676369 -9.02515445757e-18 0.186545289688 0.0 0.0 -0.33457883965 0.942367762637
1.58333333333 0.600464676369 -9.02515445757e-18 0.186545289688 0.0 0.0 -0.33457883965 0.942367762637
1.625 0.600464676369 -9.02515445757e-18 0.186545289688 0.0 0.0 -0.33457883965 0.942367762637
1.66666666667 0.600464676369 -9.02515445757e-18 0.186545289688 0.0 0.0 -0.33457883965 0.942367762637
1.70833333333 0.600464676369 -9.02515445757e-18 0.186545289688 0.0 0.0 -0.33457883965 0.942367762637
1.75 0.600464676369 -9.02515445757e-18 0.186545289688 0.0 0.0 -0.33457883965 0.942367762637
1.79166666667 0.600464676369 -9.02515445757e-18 0.186545289688 0.0 0.0 -0.33457883965 0.942367762637
1.83333333333 0.600464676369 -9.02515445757e-18 0.186545289688 0.0 0.0 -0.33457883965 0.942367762637
1.875 0.600464676369 -9.02515445757e-18 0.186545289688 0.0 0.0 -0.33457883965 0.942367762637
1.91666666667 0.600464676369 -9.02515445757e-18 0.186545289688 0.0 0.0 -0.33457883965 0.942367762637
1.95833333333 0.600464676369 -9.02515445757e-18 0.186545289688 0.0 0.0 -0.33457883965 0.942367762637
2.0 0.600464676369 -9.02515445757e-18 0.186545289688 0.0 0.0 -0.33457883965 0.942367762637
49
0 1.12590074347 -1.09156359772e-16 -0.0136111112489 0.0 0.0 0.402011485578 0.915634624435
0.0416666666667 1.12590074347 -1.09156359772e-16 -0.0136111112489 0.0 0.0 0.402011485578 0.915634624435
0.0833333333333 1.12590074347 -1.09156359772e-16 -0.0136111112489 0.0 0.0 0.402011485578 0.915634624435
0.125 1.12590074347 -1.09156359772e-16 -0.0136111112489 0.0 0.0 0.402011485578 0.915634624435
0.166666666667 1.12590074347 -1.09156359772e-16 -0.0136111112489 0.0 0.0 0.402011485578 0.915634624435
0.208333333333 1.12590074347 -1.09156359772e-16 -0.0136111112489 0.0 0.0 0.402011485578 0.915634624435
0.25 1.12590074347 -1.09156359772e-16 -0.0136111112489 0.0 0.0 0.402011485578 0.915634624435
0.291666666667 1.12590074347 -1.09156359772e-16 -0.0136111112489 0.0 0.0 0.402011485578 0.915634624435
0.333333333333 1.12590074347 -1.09156359772e-16 -0.0136111112489 0.0 0.0 0.402011485578 0.915634624435
0.375 1.12590074347 -1.09156359772e-16 -0.0136111112489 0.0 0.0 0.402011485578 0.915634624435
0.416666666667 1.12590074347 -1.09156359772e-16 -0.0136111112489 0.0 0.0 0.402011485578 0.915634624435
0.458333333333 1.12590074347 -1.09156359772e-16 -0.0136111112489 0.0 0.0 0.402011485578 0.915634624435
0.5 1.12590074347 -1.09156359772e-16 -0.0136111112489 0.0 0.0 0.402011485578 0.915634624435
0.541666666667 1.12590074347 -1.09156359772e-16 -0.0136111112489 0.0 0.0 0.402011485578 0.915634624435
0.583333333333 1.12590074347 -1.09156359772e-16 -0.0136111112489 0.0 0.0 0.402011485578 0.915634624435
0.625 1.12590074347 -1.09156359772e-16 -0.0136111112489 0.0 0.0 0.402011485578 0.915634624435
0.666666666667 1.12590074347 -1.09156359772e-16 -0.0136111112489 0.0 0.0 0.402011485578 0.915634624435
0.708333333333 1.12590074347 -1.09156359772e-16 -0.0136111112489 0.0 0.0 0.402011485578 0.915634624435
0.75 1.12590074347 -1.09156359772e-16 -0.0136111112489 0.0 0.0 0.402011485578 0.915634624435
0.791666666667 1.12590074347 -1.09156359772e-16 -0.0136111112489 0.0 0.0 0.402011485578 0.915634624435
0.833333333333 1.12590074347 -1.09156359772e-16 -0.0136111112489 0.0 0.0 0.402011485578 0.915634624435
0.875 1.12590074347 -1.09156359772e-16 -0.0136111112489 0.0 0.0 0.402011485578 0.915634624435
0.916666666667 1.12590074347 -1.09156359772e-16 -0.0136111112489 0.0 0.0 0.402011485578 0.915634624435
0.958333333333 1.12590074347 -1.09156359772e-16 -0.0136111112489 0.0 0.0 0.402011485578 0.915634624435
1.0 1.12590074347 -1.09156359772e-16 -0.0136111112489 0.0 0.0 0.402011485578 0.915634624435
1.04166666667 1.12590074347 -1.09156359772e-16 -0.0136111112489 0.0 0.0 0.402011485578 0.915634624435
1.08333333333 1.12590074347 -1.09156359772e-16 -0.0136111112489 0.0 0.0 0.402011485578 0.915634624435
1.125 1.12590074347 -1.09156359772e-16 -0.0136111112489 0.0 0.0 0.402011485578 0.915634624435
1.16666666667 1.12590074347 -1.09156359772e-16 -0.0136111112489 0.0 0.0 0.402011485578 0.915634624435
1.20833333333 1.12590074347 -1.09156359772e-16 -0.0136111112489 0.0 0.0 0.402011485578 0.915634624435
1.25 1.12590074347 -1.09156359772e-16 -0.0136111112489 0.0 0.0 0.402011485578 0.915634624435
1.29166666667 1.12590074347 -1.09156359772e-16 -0.0136111112489 0.0 0.0 0.402011485578 0.915634624435
1.33333333333 1.12590074347 -1.09156359772e-16 -0.0136111112489 0.0 0.0 0.402011485578 0.915634624435
1.375 1.12590074347 -1.09156359772e-16 -0.0136111112489 0.0 0.0 0.402011485578 0.915634624435
1.41666666667 1.12590074347 -1.09156359772e-16 -0.0136111112489 0.0 0.0 0.402011485578 0.915634624435
1.45833333333 1.12590074347 -1.09156359772e-16 -0.0136111112489 0.0 0.0 0.402011485578 0.915634624435
1.5 1.12590074347 -1.09156359772e-16 -0.0136111112489 0.0 0.0 0.402011485578 0.915634624435
1.54166666667 1.12590074347 -1.09156359772e-16 -0.0136111112489 0.0 0.0 0.402011485578 0.915634624435
1.58333333333 1.12590074347 -1.09156359772e-16 -0.0136111112489 0.0 0.0 0.402011485578 0.915634624435
1.625 1.12590074347 -1.09156359772e-16 -0.0136111112489 0.0 0.0 0.402011485578 0.915634624435
1.66666666667 1.12590074347 -1.09156359772e-16 -0.0136111112489 0.0 0.0 0.402011485578 0.915634624435
1.70833333333 1.12590074347 -1.09156359772e-16 -0.0136111112489 0.0 0.0 0.402011485578 0.915634624435
1.75 1.12590074347 -1.09156359772e-16 -0.0136111112489 0.0 0.0 0.402011485578 0.915634624435
1.79166666667 1.12590074347 -1.09156359772e-16 -0.0136111112489 0.0 0.0 0.402011485578 0.915634624435
1.83333333333 1.12590074347 -1.09156359772e-16 -0.0136111112489 0.0 0.0 0.402011485578 0.915634624435
1.875 1.12590074347 -1.09156359772e-16 -0.0136111112489 0.0 0.0 0.402011485578 0.915634624435
1.91666666667 1.12590074347 -1.09156359772e-16 -0.0136111112489 0.0 0.0 0.402011485578 0.915634624435
1.95833333333 1.12590074347 -1.09156359772e-16 -0.0136111112489 0.0 0.0 0.402011485578 0.915634624435
2.0 1.12590074347 -1.09156359772e-16 -0.0136111112489 0.0 0.0 0.402011485578 0.915634624435
49
0 1.04560170537 2.60065617157e-16 0.074013957511 0.818380524486 0.574676706628 -3.51887994659e-17 -5.01113544898e-17
0.0416666666667 1.04560170537 2.60065617157e-16 0.074013957511 0.818380524486 0.574676706628 -3.51887994659e-17 -5.01113544898e-17
0.0833333333333 1.04560170537 2.60065617157e-16 0.074013957511 0.818380524486 0.574676706628 -3.51887994659e-17 -5.01113544898e-17
0.125 1.04560170537 2.60065617157e-16 0.074013957511 0.818380524486 0.574676706628 -3.51887994659e-17 -5.01113544898e-17
0.166666666667 1.04560170537 2.60065617157e-16 0.074013957511 0.818380524486 0.574676706628 -3.51887994659e-17 -5.01113544898e-17
0.208333333333 1.04560170537 2.60065617157e-16 0.074013957511 0.818380524486 0.574676706628 -3.51887994659e-17 -5.01113544898e-17
0.25 1.04560170537 2.60065617157e-16 0.074013957511 0.818380524486 0.574676706628 -3.51887994659e-17 -5.01113544898e-17
0.291666666667 1.04560170537 2.60065617157e-16 0.074013957511 0.818380524486 0.574676706628 -3.51887994659e-17 -5.01113544898e-17
0.333333333333 1.04560170537 2.60065617157e-16 0.074013957511 0.818380524486 0.574676706628 -3.51887994659e-17 -5.01113544898e-17
0.375 1.04560170537 2.60065617157e-16 0.074013957511 0.818380524486 0.574676706628 -3.51887994659e-17 -5.01113544898e-17
0.416666666667 1.04560170537 2.60065617157e-16 0.074013957511 0.818380524486 0.574676706628 -3.51887994659e-17 -5.01113544898e-17
0.458333333333 1.04560170537 2.60065617157e-16 0.074013957511 0.818380524486 0.574676706628 -3.51887994659e-17 -5.01113544898e-17
0.5 1.04560170537 2.60065617157e-16 0.074013957511 0.818380524486 0.574676706628 -3.51887994659e-17 -5.01113544898e-17
0.541666666667 1.04560170537 2.60065617157e-16 0.074013957511 0.818380524486 0.574676706628 -3.51887994659e-17 -5.01113544898e-17
0.583333333333 1.04560170537 2.60065617157e-16 0.074013957511 0.818380524486 0.574676706628 -3.51887994659e-17 -5.01113544898e-17
0.625 1.04560170537 2.60065617157e-16 0.074013957511 0.818380524486 0.574676706628 -3.51887994659e-17 -5.01113544898e-17
0.666666666667 1.04560170537 2.60065617157e-16 0.074013957511 0.818380524486 0.574676706628 -3.51887994659e-17 -5.01113544898e-17
0.708333333333 1.04560170537 2.60065617157e-16 0.074013957511 0.818380524486 0.574676706628 -3.51887994659e-17 -5.01113544898e-17
0.75 1.04560170537 2.60065617157e-16 0.074013957511 0.818380524486 0.574676706628 -3.51887994659e-17 -5.01113544898e-17
0.791666666667 1.04560170537 2.60065617157e-16 0.074013957511 0.818380524486 0.574676706628 -3.51887994659e-17 -5.01113544898e-17
0.833333333333 1.04560170537 2.60065617157e-16 0.074013957511 0.818380524486 0.574676706628 -3.51887994659e-17 -5.01113544898e-17
0.875 1.04560170537 2.60065617157e-16 0.074013957511 0.818380524486 0.574676706628 -3.51887994659e-17 -5.01113544898e-17
0.916666666667 1.04560170537 2.60065617157e-16 0.074013957511 0.818380524486 0.574676706628 -3.51887994659e-17 -5.01113544898e-17
0.958333333333 1.04560170537 2.60065617157e-16 0.074013957511 0.818380524486 0.574676706628 -3.51887994659e-17 -5.01113544898e-17
1.0 1.04560170537 2.60065617157e-16 0.074013957511 0.818380524486 0.574676706628 -3.51887994659e-17 -5.01113544898e-17
1.04166666667 1.04560170537 2.60065617157e-16 0.074013957511 0.818380524486 0.574676706628 -3.51887994659e-17 -5.01113544898e-17
1.08333333333 1.04560170537 2.60065617157e-16 0.074013957511 0.818380524486 0.574676706628 -3.51887994659e-17 -5.01113544898e-17
1.125 1.04560170537 2.60065617157e-16 0.074013957511 0.818380524486 0.574676706628 -3.51887994659e-17 -5.01113544898e-17
1.16666666667 1.04560170537 2.60065617157e-16 0.074013957511 0.818380524486 0.574676706628 -3.51887994659e-17 -5.01113544898e-17
1.20833333333 1.04560170537 2.60065617157e-16 0.074013957511 0.818380524486 0.574676706628 -3.51887994659e-17 -5.01113544898e-17
1.25 1.04560170537 2.60065617157e-16 0.074013957511 0.818380524486 0.574676706628 -3.51887994659e-17 -5.01113544898e-17
1.29166666667 1.04560170537 2.60065617157e-16 0.074013957511 0.818380524486 0.574676706628 -3.51887994659e-17 -5.01113544898e-17
1.33333333333 1.04560170537 2.60065617157e-16 0.074013957511 0.818380524486 0.574676706628 -3.51887994659e-17 -5.01113544898e-17
1.375 1.04560170537 2.60065617157e-16 0.074013957511 0.818380524486 0.574676706628 -3.51887994659e-17 -5.01113544898e-17
1.41666666667 1.04560170537 2.60065617157e-16 0.074013957511 0.818380524486 0.574676706628 -3.51887994659e-17 -5.01113544898e-17
1.45833333333 1.04560170537 2.60065617157e-16 0.074013957511 0.818380524486 0.574676706628 -3.51887994659e-17 -5.01113544898e-17
1.5 1.04560170537 2.60065617157e-16 0.074013957511 0.818380524486 0.574676706628 -3.51887994659e-17 -5.01113544898e-17
1.54166666667 1.04560170537 2.60065617157e-16 0.074013957511 0.818380524486 0.574676706628 -3.51887994659e-17 -5.01113544898e-17
1.58333333333 1.04560170537 2.60065617157e-16 0.074013957511 0.818380524486 0.574676706628 -3.51887994659e-17 -5.01113544898e-17
1.625 1.04560170537 2.60065617157e-16 0.074013957511 0.818380524486 0.574676706628 -3.51887994659e-17 -5.01113544898e-17
1.66666666667 1.04560170537 2.60065617157e-16 0.074013957511 0.818380524486 0.574676706628 -3.51887994659e-17 -5.01113544898e-17
1.70833333333 1.04560170537 2.60065617157e-16 0.074013957511 0.818380524486 0.574676706628 -3.51887994659e-17 -5.01113544898e-17
1.75 1.04560170537 2.60065617157e-16 0.074013957511 0.818380524486 0.574676706628 -3.51887994659e-17 -5.01113544898e-17
1.79166666667 1.04560170537 2.60065617157e-16 0.074013957511 0.818380524486 0.574676706628 -3.51887994659e-17 -5.01113544898e-17
1.83333333333 1.04560170537 2.60065617157e-16 0.074013957511 0.818380524486 0.574676706628 -3.51887994659e-17 -5.01113544898e-17
1.875 1.04560170537 2.60065617157e-16 0.074013957511 0.818380524486 0.574676706628 -3.51887994659e-17 -5.01113544898e-17
1.91666666667 1.04560170537 2.60065617157e-16 0.074013957511 0.818380524486 0.574676706628 -3.51887994659e-17 -5.01113544898e-17
1.95833333333 1.04560170537 2.60065617157e-16 0.074013957511 0.818380524486 0.574676706628 -3.51887994659e-17 -5.01113544898e-17
2.0 1.04560170537 2.60065617157e-16 0.074013957511 0.818380524486 0.574676706628 -3.51887994659e-17 -5.01113544898e-17
49
0 1.4566116649 3.2983210315e-17 0.0463979976898 0.0 0.0 -0.842122012785 0.539287043774
0.0416666666667 1.4566116649 3.2983210315e-17 0.0463979976898 0.0 0.0 -0.837805944061 0.545968131026
0.0833333333333 1.4566116649 3.2983210315e-17 0.0463979976898 0.0 0.0 -0.825054810436 0.565052705309
0.125 1.4566116649 3.2983210315e-17 0.0463979976898 0.0 0.0 -0.803832925083 0.594855132409
0.166666666667 1.4566116649 3.2983210315e-17 0.0463979976898 0.0 0.0 -0.773820480535 0.633404976223
0.208333333333 1.4566116649 3.2983210315e-17 0.0463979976898 0.0 0.0 -0.734603656013 0.678496476462
0.25 1.4566116649 3.2983210315e-17 0.0463979976898 0.0 0.0 -0.685848608489 0.727744245071
0.291666666667 1.4566116649 3.2983210315e-17 0.0463979976898 0.0 0.0 -0.627450544881 0.778656415711
0.333333333333 1.4566116649 3.2983210315e-17 0.0463979976898 0.0 0.0 -0.559649309972 0.828729539626
0.375 1.4566116649 3.2983210315e-17 0.0463979976898 0.0 0.0 -0.483103898128 0.875563032347
0.416666666667 1.4566116649 3.2983210315e-17 0.0463979976898 0.0 0.0 -0.398920568447 0.916985485201
0.458333333333 1.4566116649 3.2983210315e-17 0.0463979976898 0.0 0.0 -0.308632886019 0.951181234922
0.5 1.4566116649 3.2983210315e-17 0.0463979976898 0.0 0.0 -0.214136660168 0.976803711486
0.541666666667 1.4566116649 3.2983210315e-17 0.0463979976898 0.0 0.0 -0.117587710013 0.993062500779
0.583333333333 1.4566116649 3.2983210315e-17 0.0463979976898 0.0 0.0 -0.0212748076427 0.999773665666
0.625 1.4566116649 3.2983210315e-17 0.0463979976898 0.0 0.0 0.0725167777166 0.997367192637
0.666666666667 1.4566116649 3.2983210315e-17 0.0463979976898 0.0 0.0 0.161634560025 0.986850682224
0.708333333333 1.4566116649 3.2983210315e-17 0.0463979976898 0.0 0.0 0.244165349255 0.969733614052
0.75 1.4566116649 3.2983210315e-17 0.0463979976898 0.0 0.0 0.318506328737 0.94792073432
0.791666666667 1.4566116649 3.2983210315e-17 0.0463979976898 0.0 0.0 0.383392359445 0.923585566539
0.833333333333 1.4566116649 3.2983210315e-17 0.0463979976898 0.0 0.0 0.437876179196 0.899035289459
0.875 1.4566116649 3.2983210315e-17 0.0463979976898 0.0 0.0 0.481263113823 0.876576189087
0.916666666667 1.4566116649 3.2983210315e-17 0.0463979976898 0.0 0.0 0.513006277522 0.858384854959
0.958333333333 1.4566116649 3.2983210315e-17 0.0463979976898 0.0 0.0 0.532571838325 0.846384804343
1.0 1.4566116649 3.2983210315e-17 0.0463979976898 0.0 0.0 0.539287043774 0.842122012785
1.04166666667 1.4566116649 3.2983210315e-17 0.0463979976898 0.0 0.0 0.532571838325 0.846384804343
1.08333333333 1.4566116649 3.2983210315e-17 0.0463979976898 0.0 0.0 0.513006277522 0.858384854959
1.125 1.4566116649 3.2983210315e-17 0.0463979976898 0.0 0.0 0.481263113823 0.876576189087
1.16666666667 1.4566116649 3.2983210315e-17 0.0463979976898 0.0 0.0 0.437876179196 0.899035289459
1.20833333333 1.4566116649 3.2983210315e-17 0.0463979976898 0.0 0.0 0.383392359445 0.923585566539
1.25 1.4566116649 3.2983210315e-17 0.0463979976898 0.0 0.0 0.318506328737 0.94792073432
1.29166666667 1.4566116649 3.2983210315e-17 0.0463979976898 0.0 0.0 0.244165349255 0.969733614052
1.33333333333 1.4566116649 3.2983210315e-17 0.0463979976898 0.0 0.0 0.161634560025 0.986850682224
1.375 1.4566116649 3.2983210315e-17 0.0463979976898 0.0 0.0 0.0725167777166 0.997367192637
1.41666666667 1.4566116649 3.2983210315e-17 0.0463979976898 0.0 0.0 -0.0212748076427 0.999773665666
1.45833333333 1.4566116649 3.2983210315e-17 0.0463979976898 0.0 0.0 -0.117587710013 0.993062500779
1.5 1.4566116649 3.2983210315e-17 0.0463979976898 0.0 0.0 -0.214136660168 0.976803711486
1.54166666667 1.4566116649 3.2983210315e-17 0.0463979976898 0.0 0.0 -0.308632886019 0.951181234922
1.58333333333 1.4566116649 3.2983210315e-17 0.0463979976898 0.0 0.0 -0.398920568447 0.916985485201
1.625 1.4566116649 3.2983210315e-17 0.0463979976898 0.0 0.0 -0.483103898128 0.875563032347
1.66666666667 1.4566116649 3.2983210315e-17 0.0463979976898 0.0 0.0 -0.559649309972 0.828729539626
1.70833333333 1.4566116649 3.2983210315e-17 0.0463979976898 0.0 0.0 -0.627450544881 0.778656415711
1.75 1.4566116649 3.2983210315e-17 0.0463979976898 0.0 0.0 -0.685848608489 0.727744245071
1.79166666667 1.4566116649 3.2983210315e-17 0.0463979976898 0.0 0.0 -0.734603656013 0.678496476462
1.83333333333 1.4566116649 3.2983210315e-17 0.0463979976898 0.0 0.0 -0.773820480535 0.633404976223
1.875 1.4566116649 3.2983210315e-17 0.0463979976898 0.0 0.0 -0.803832925083 0.594855132409
1.91666666667 1.4566116649 3.2983210315e-17 0.0463979976898 0.0 0.0 -0.825054810436 0.565052705309
1.95833333333 1.4566116649 3.2983210315e-17 0.0463979976898 0.0 0.0 -0.837805944061 0.545968131026
2.0 1.4566116649 3.2983210315e-17 0.0463979976898 0.0 0.0 -0.842122012785 0.539287043774
49
0 0.930315955468 1.26027477801e-16 0.0386573509083 0.724596595097 0.68917325425 -4.21996909938e-17 -4.43687450429e-17
0.0416666666667 0.930315955468 1.26027477801e-16 0.0386573509083 0.724596595097 0.68917325425 -4.21996909938e-17 -4.43687450429e-17
0.0833333333333 0.930315955468 1.26027477801e-16 0.0386573509083 0.724596595097 0.68917325425 -4.21996909938e-17 -4.43687450429e-17
0.125 0.930315955468 1.26027477801e-16 0.0386573509083 0.724596595097 0.68917325425 -4.21996909938e-17 -4.43687450429e-17
0.166666666667 0.930315955468 1.26027477801e-16 0.0386573509083 0.724596595097 0.68917325425 -4.21996909938e-17 -4.43687450429e-17
0.208333333333 0.930315955468 1.26027477801e-16 0.0386573509083 0.724596595097 0.68917325425 -4.21996909938e-17 -4.43687450429e-17
0.25 0.930315955468 1.26027477801e-16 0.0386573509083 0.724596595097 0.68917325425 -4.21996909938e-17 -4.43687450429e-17
0.291666666667 0.930315955468 1.26027477801e-16 0.0386573509083 0.724596595097 0.68917325425 -4.21996909938e-17 -4.43687450429e-17
0.333333333333 0.930315955468 1.26027477801e-16 0.0386573509083 0.724596595097 0.68917325425 -4.21996909938e-17 -4.43687450429e-17
0.375 0.930315955468 1.26027477801e-16 0.0386573509083 0.724596595097 0.68917325425 -4.21996909938e-17 -4.43687450429e-17
0.416666666667 0.930315955468 1.26027477801e-16 0.0386573509083 0.724596595097 0.68917325425 -4.21996909938e-17 -4.43687450429e-17
0.458333333333 0.930315955468 1.26027477801e-16 0.0386573509083 0.724596595097 0.68917325425 -4.21996909938e-17 -4.43687450429e-17
0.5 0.930315955468 1.26027477801e-16 0.0386573509083 0.724596595097 0.68917325425 -4.21996909938e-17 -4.43687450429e-17
0.541666666667 0.930315955468 1.26027477801e-16 0.0386573509083 0.724596595097 0.68917325425 -4.21996909938e-17 -4.43687450429e-17
0.583333333333 0.930315955468 1.26027477801e-16 0.0386573509083 0.724596595097 0.68917325425 -4.21996909938e-17 -4.43687450429e-17
0.625 0.930315955468 1.26027477801e-16 0.0386573509083 0.724596595097 0.68917325425 -4.21996909938e-17 -4.43687450429e-17
0.666666666667 0.930315955468 1.26027477801e-16 0.0386573509083 0.724596595097 0.68917325425 -4.21996909938e-17 -4.43687450429e-17
0.708333333333 0.930315955468 1.26027477801e-16 0.0386573509083 0.724596595097 0.68917325425 -4.21996909938e-17 -4.43687450429e-17
0.75 0.930315955468 1.26027477801e-16 0.0386573509083 0.724596595097 0.68917325425 -4.21996909938e-17 -4.43687450429e-17
0.791666666667 0.930315955468 1.26027477801e-16 0.0386573509083 0.724596595097 0.68917325425 -4.21996909938e-17 -4.43687450429e-17
0.833333333333 0.930315955468 1.26027477801e-16 0.0386573509083 0.724596595097 0.68917325425 -4.21996909938e-17 -4.43687450429e-17
0.875 0.930315955468 1.26027477801e-16 0.0386573509083 0.724596595097 0.68917325425 -4.21996909938e-17 -4.43687450429e-17
0.916666666667 0.930315955468 1.26027477801e-16 0.0386573509083 0.724596595097 0.68917325425 -4.21996909938e-17 -4.43687450429e-17
0.958333333333 0.930315955468 1.26027477801e-16 0.0386573509083 0.724596595097 0.68917325425 -4.21996909938e-17 -4.43687450429e-17
1.0 0.930315955468 1.26027477801e-16 0.0386573509083 0.724596595097 0.68917325425 -4.21996909938e-17 -4.43687450429e-17
1.04166666667 0.930315955468 1.26027477801e-16 0.0386573509083 0.724596595097 0.68917325425 -4.21996909938e-17 -4.43687450429e-17
1.08333333333 0.930315955468 1.26027477801e-16 0.0386573509083 0.724596595097 0.68917325425 -4.21996909938e-17 -4.43687450429e-17
1.125 0.930315955468 1.26027477801e-16 0.0386573509083 0.724596595097 0.68917325425 -4.21996909938e-17 -4.43687450429e-17
1.16666666667 0.930315955468 1.26027477801e-16 0.0386573509083 0.724596595097 0.68917325425 -4.21996909938e-17 -4.43687450429e-17
1.20833333333 0.930315955468 1.26027477801e-16 0.0386573509083 0.724596595097 0.68917325425 -4.21996909938e-17 -4.43687450429e-17
1.25 0.930315955468 1.26027477801e-16 0.0386573509083 0.724596595097 0.68917325425 -4.21996909938e-17 -4.43687450429e-17
1.29166666667 0.930315955468 1.26027477801e-16 0.0386573509083 0.724596595097 0.68917325425 -4.21996909938e-17 -4.43687450429e-17
1.33333333333 0.930315955468 1.26027477801e-16 0.0386573509083 0.724596595097 0.68917325425 -4.21996909938e-17 -4.43687450429e-17
1.375 0.930315955468 1.26027477801e-16 0.0386573509083 0.724596595097 0.68917325425 -4.21996909938e-17 -4.43687450429e-17
1.41666666667 0.930315955468 1.26027477801e-16 0.0386573509083 0.724596595097 0.68917325425 -4.21996909938e-17 -4.43687450429e-17
1.45833333333 0.930315955468 1.26027477801e-16 0.0386573509083 0.724596595097 0.68917325425 -4.21996909938e-17 -4.43687450429e-17
1.5 0.930315955468 1.26027477801e-16 0.0386573509083 0.724596595097 0.68917325425 -4.21996909938e-17 -4.43687450429e-17
1.54166666667 0.930315955468 1.26027477801e-16 0.0386573509083 0.724596595097 0.68917325425 -4.21996909938e-17 -4.43687450429e-17
1.58333333333 0.930315955468 1.26027477801e-16 0.0386573509083 0.724596595097 0.68917325425 -4.21996909938e-17 -4.43687450429e-17
1.625 0.930315955468 1.26027477801e-16 0.0386573509083 0.724596595097 0.68917325425 -4.21996909938e-17 -4.43687450429e-17
1.66666666667 0.930315955468 1.26027477801e-16 0.0386573509083 0.724596595097 0.68917325425 -4.21996909938e-17 -4.43687450429e-17
1.70833333333 0.930315955468 1.26027477801e-16 0.0386573509083 0.724596595097 0.68917325425 -4.21996909938e-17 -4.43687450429e-17
1.75 0.930315955468 1.26027477801e-16 0.0386573509083 0.724596595097 0.68917325425 -4.21996909938e-17 -4.43687450429e-17
1.79166666667 0.930315955468 1.26027477801e-16 0.0386573509083 0.724596595097 0.68917325425 -4.21996909938e-17 -4.43687450429e-17
1.83333333333 0.930315955468 1.26027477801e-16 0.0386573509083 0.724596595097 0.68917325425 -4.21996909938e-17 -4.43687450429e-17
1.875 0.930315955468 1.26027477801e-16 0.0386573509083 0.724596595097 0.68917325425 -4.21996909938e-17 -4.43687450429e-17
1.91666666667 0.930315955468 1.26027477801e-16 0.0386573509083 0.724596595097 0.68917325425 -4.21996909938e-17 -4.43687450429e-17
1.95833333333 0.930315955468 1.26027477801e-16 0.0386573509083 0.724596595097 0.68917325425 -4.21996909938e-17 -4.43687450429e-17
2.0 0.930315955468 1.26027477801e-16 0.0386573509083 0.724596595097 0.68917325425 -4.21996909938e-17 -4.43687450429e-17
49
0 0.720226701126 1.98194183149e-16 0.505226826238 0.0 0.0 0.554311599665 0.832309227677
0.0416666666667 0.720226701126 1.98194183149e-16 0.505226826238 0.0 0.0 0.554311599665 0.832309227677
0.0833333333333 0.720226701126 1.98194183149e-16 0.505226826238 0.0 0.0 0.554311599665 0.832309227677
0.125 0.720226701126 1.98194183149e-16 0.505226826238 0.0 0.0 0.554311599665 0.832309227677
0.166666666667 0.720226701126 1.98194183149e-16 0.505226826238 0.0 0.0 0.554311599665 0.832309227677
0.208333333333 0.720226701126 1.98194183149e-16 0.505226826238 0.0 0.0 0.554311599665 0.832309227677
0.25 0.720226701126 1.98194183149e-16 0.505226826238 0.0 0.0 0.554311599665 0.832309227677
0.291666666667 0.720226701126 1.98194183149e-16 0.505226826238 0.0 0.0 0.554311599665 0.832309227677
0.333333333333 0.720226701126 1.98194183149e-16 0.505226826238 0.0 0.0 0.554311599665 0.832309227677
0.375 0.720226701126 1.98194183149e-16 0.505226826238 0.0 0.0 0.554311599665 0.832309227677
0.416666666667 0.720226701126 1.98194183149e-16 0.505226826238 0.0 0.0 0.554311599665 0.832309227677
0.458333333333 0.720226701126 1.98194183149e-16 0.505226826238 0.0 0.0 0.554311599665 0.832309227677
0.5 0.720226701126 1.98194183149e-16 0.505226826238 0.0 0.0 0.554311599665 0.832309227677
0.541666666667 0.720226701126 1.98194183149e-16 0.505226826238 0.0 0.0 0.554311599665 0.832309227677
0.583333333333 0.720226701126 1.98194183149e-16 0.505226826238 0.0 0.0 0.554311599665 0.832309227677
0.625 0.720226701126 1.98194183149e-16 0.505226826238 0.0 0.0 0.554311599665 0.832309227677
0.666666666667 0.720226701126 1.98194183149e-16 0.505226826238 0.0 0.0 0.554311599665 0.832309227677
0.708333333333 0.720226701126 1.98194183149e-16 0.505226826238 0.0 0.0 0.554311599665 0.832309227677
0.75 0.720226701126 1.98194183149e-16 0.505226826238 0.0 0.0 0.554311599665 0.832309227677
0.791666666667 0.720226701126 1.98194183149e-16 0.505226826238 0.0 0.0 0.554311599665 0.832309227677
0.833333333333 0.720226701126 1.98194183149e-16 0.505226826238 0.0 0.0 0.554311599665 0.832309227677
0.875 0.720226701126 1.98194183149e-16 0.505226826238 0.0 0.0 0.554311599665 0.832309227677
0.916666666667 0.720226701126 1.98194183149e-16 0.505226826238 0.0 0.0 0.554311599665 0.832309227677
0.958333333333 0.720226701126 1.98194183149e-16 0.505226826238 0.0 0.0 0.554311599665 0.832309227677
1.0 0.720226701126 1.98194183149e-16 0.505226826238 0.0 0.0 0.554311599665 0.832309227677
1.04166666667 0.720226701126 1.98194183149e-16 0.505226826238 0.0 0.0 0.554311599665 0.832309227677
1.08333333333 0.720226701126 1.98194183149e-16 0.505226826238 0.0 0.0 0.554311599665 0.832309227677
1.125 0.720226701126 1.98194183149e-16 0.505226826238 0.0 0.0 0.554311599665 0.832309227677
1.16666666667 0.720226701126 1.98194183149e-16 0.505226826238 0.0 0.0 0.554311599665 0.832309227677
1.20833333333 0.720226701126 1.98194183149e-16 0.505226826238 0.0 0.0 0.554311599665 0.832309227677
1.25 0.720226701126 1.98194183149e-16 0.505226826238 0.0 0.0 0.554311599665 0.832309227677
1.29166666667 0.720226701126 1.98194183149e-16 0.505226826238 0.0 0.0 0.554311599665 0.832309227677
1.33333333333 0.720226701126 1.98194183149e-16 0.505226826238 0.0 0.0 0.554311599665 0.832309227677
1.375 0.720226701126 1.98194183149e-16 0.505226826238 0.0 0.0 0.554311599665 0.832309227677
1.41666666667 0.720226701126 1.98194183149e-16 0.505226826238 0.0 0.0 0.554311599665 0.832309227677
1.45833333333 0.720226701126 1.98194183149e-16 0.505226826238 0.0 0.0 0.554311599665 0.832309227677
1.5 0.720226701126 1.98194183149e-16 0.505226826238 0.0 0.0 0.554311599665 0.832309227677
1.54166666667 0.720226701126 1.98194183149e-16 0.505226826238 0.0 0.0 0.554311599665 0.832309227677
1.58333333333 0.720226701126 1.98194183149e-16 0.505226826238 0.0 0.0 0.554311599665 0.832309227677
1.625 0.720226701126 1.98194183149e-16 0.505226826238 0.0 0.0 0.554311599665 0.832309227677
1.66666666667 0.720226701126 1.98194183149e-16 0.505226826238 0.0 0.0 0.554311599665 0.832309227677
1.70833333333 0.720226701126 1.98194183149e-16 0.505226826238 0.0 0.0 0.554311599665 0.832309227677
1.75 0.720226701126 1.98194183149e-16 0.505226826238 0.0 0.0 0.554311599665 0.832309227677
1.79166666667 0.720226701126 1.98194183149e-16 0.505226826238 0.0 0.0 0.554311599665 0.832309227677
1.83333333333 0.720226701126 1.98194183149e-16 0.505226826238 0.0 0.0 0.554311599665 0.832309227677
1.875 0.720226701126 1.98194183149e-16 0.505226826238 0.0 0.0 0.554311599665 0.832309227677
1.91666666667 0.720226701126 1.98194183149e-16 0.505226826238 0.0 0.0 0.554311599665 0.832309227677
1.95833333333 0.720226701126 1.98194183149e-16 0.505226826238 0.0 0.0 0.554311599665 0.832309227677
2.0 0.720226701126 1.98194183149e-16 0.505226826238 0.0 0.0 0.554311599665 0.832309227677
49
0 0.152435397243 0.0111862388891 0.321692783982 0.0 0.0 0.20807835264 0.97811216083
0.0416666666667 0.152435397243 0.0111862388891 0.321692783982 0.0 0.0 0.20807835264 0.97811216083
0.0833333333333 0.152435397243 0.0111862388891 0.321692783982 0.0 0.0 0.20807835264 0.97811216083
0.125 0.152435397243 0.0111862388891 0.321692783982 0.0 0.0 0.20807835264 0.97811216083
0.166666666667 0.152435397243 0.0111862388891 0.321692783982 0.0 0.0 0.20807835264 0.97811216083
0.208333333333 0.152435397243 0.0111862388891 0.321692783982 0.0 0.0 0.20807835264 0.97811216083
0.25 0.152435397243 0.0111862388891 0.321692783982 0.0 0.0 0.20807835264 0.97811216083
0.291666666667 0.152435397243 0.0111862388891 0.321692783982 0.0 0.0 0.20807835264 0.97811216083
0.333333333333 0.152435397243 0.0111862388891 0.321692783982 0.0 0.0 0.20807835264 0.97811216083
0.375 0.152435397243 0.0111862388891 0.321692783982 0.0 0.0 0.20807835264 0.97811216083
0.416666666667 0.152435397243 0.0111862388891 0.321692783982 0.0 0.0 0.20807835264 0.97811216083
0.458333333333 0.152435397243 0.0111862388891 0.321692783982 0.0 0.0 0.20807835264 0.97811216083
0.5 0.152435397243 0.0111862388891 0.321692783982 0.0 0.0 0.20807835264 0.97811216083
0.541666666667 0.152435397243 0.0111862388891 0.321692783982 0.0 0.0 0.20807835264 0.97811216083
0.583333333333 0.152435397243 0.0111862388891 0.321692783982 0.0 0.0 0.20807835264 0.97811216083
0.625 0.152435397243 0.0111862388891 0.321692783982 0.0 0.0 0.20807835264 0.97811216083
0.666666666667 0.152435397243 0.0111862388891 0.321692783982 0.0 0.0 0.20807835264 0.97811216083
0.708333333333 0.152435397243 0.0111862388891 0.321692783982 0.0 0.0 0.20807835264 0.97811216083
0.75 0.152435397243 0.0111862388891 0.321692783982 0.0 0.0 0.20807835264 0.97811216083
0.791666666667 0.152435397243 0.0111862388891 0.321692783982 0.0 0.0 0.20807835264 0.97811216083
0.833333333333 0.152435397243 0.0111862388891 0.321692783982 0.0 0.0 0.20807835264 0.97811216083
0.875 0.152435397243 0.0111862388891 0.321692783982 0.0 0.0 0.20807835264 0.97811216083
0.916666666667 0.152435397243 0.0111862388891 0.321692783982 0.0 0.0 0.20807835264 0.97811216083
0.958333333333 0.152435397243 0.0111862388891 0.321692783982 0.0 0.0 0.20807835264 0.97811216083
1.0 0.152435397243 0.0111862388891 0.321692783982 0.0 0.0 0.20807835264 0.97811216083
1.04166666667 0.152435397243 0.0111862388891 0.321692783982 0.0 0.0 0.20807835264 0.97811216083
1.08333333333 0.152435397243 0.0111862388891 0.321692783982 0.0 0.0 0.20807835264 0.97811216083
1.125 0.152435397243 0.0111862388891 0.321692783982 0.0 0.0 0.20807835264 0.97811216083
1.16666666667 0.152435397243 0.0111862388891 0.321692783982 0.0 0.0 0.20807835264 0.97811216083
1.20833333333 0.152435397243 0.0111862388891 0.321692783982 0.0 0.0 0.20807835264 0.97811216083
1.25 0.152435397243 0.0111862388891 0.321692783982 0.0 0.0 0.20807835264 0.97811216083
1.29166666667 0.152435397243 0.0111862388891 0.321692783982 0.0 0.0 0.20807835264 0.97811216083
1.33333333333 0.152435397243 0.0111862388891 0.321692783982 0.0 0.0 0.20807835264 0.97811216083
1.375 0.152435397243 0.0111862388891 0.321692783982 0.0 0.0 0.20807835264 0.97811216083
1.41666666667 0.152435397243 0.0111862388891 0.321692783982 0.0 0.0 0.20807835264 0.97811216083
1.45833333333 0.152435397243 0.0111862388891 0.321692783982 0.0 0.0 0.20807835264 0.97811216083
1.5 0.152435397243 0.0111862388891 0.321692783982 0.0 0.0 0.20807835264 0.97811216083
1.54166666667 0.152435397243 0.0111862388891 0.321692783982 0.0 0.0 0.20807835264 0.97811216083
1.58333333333 0.152435397243 0.0111862388891 0.321692783982 0.0 0.0 0.20807835264 0.97811216083
1.625 0.152435397243 0.0111862388891 0.321692783982 0.0 0.0 0.20807835264 0.97811216083
1.66666666667 0.152435397243 0.0111862388891 0.321692783982 0.0 0.0 0.20807835264 0.97811216083
1.70833333333 0.152435397243 0.0111862388891 0.321692783982 0.0 0.0 0.20807835264 0.97811216083
1.75 0.152435397243 0.0111862388891 0.321692783982 0.0 0.0 0.20807835264 0.97811216083
1.79166666667 0.152435397243 0.0111862388891 0.321692783982 0.0 0.0 0.20807835264 0.97811216083
1.83333333333 0.152435397243 0.0111862388891 0.321692783982 0.0 0.0 0.20807835264 0.97811216083
1.875 0.152435397243 0.0111862388891 0.321692783982 0.0 0.0 0.20807835264 0.97811216083
1.91666666667 0.152435397243 0.0111862388891 0.321692783982 0.0 0.0 0.20807835264 0.97811216083
1.95833333333 0.152435397243 0.0111862388891 0.321692783982 0.0 0.0 0.20807835264 0.97811216083
2.0 0.152435397243 0.0111862388891 0.321692783982 0.0 0.0 0.20807835264 0.97811216083
